/*--------------------------------*- C++ -*----------------------------------*\
| =========                 |                                                 |
| \\      /  F ield         | OpenFOAM: The Open Source CFD Toolbox           |
|  \\    /   O peration     | Version:  v2006                                 |
|   \\  /    A nd           | Website:  www.openfoam.com                      |
|    \\/     M anipulation  |                                                 |
\*---------------------------------------------------------------------------*/
FoamFile
{
    version     2.0;
    format      ascii;
    class       vectorField;
    location    "constant/polyMesh";
    object      points;
}
// * * * * * * * * * * * * * * * * * * * * * * * * * * * * * * * * * * * * * //


1581
(
(0 0 0)
(0.2 0 0)
(0.4 0 0)
(0.6 0 0)
(0.8 0 0)
(1 0 0)
(1.2 0 0)
(1.4 0 0)
(1.6 0 0)
(1.8 0 0)
(2 0 0)
(2.2 0 0)
(2.4 0 0)
(2.6 0 0)
(2.8 0 0)
(3 0 0)
(3.2 0 0)
(3.4 0 0)
(3.6 0 0)
(3.8 0 0)
(4 0 0)
(4.2 0 0)
(4.4 0 0)
(4.6 0 0)
(4.8 0 0)
(5 0 0)
(5.2 0 0)
(5.4 0 0)
(5.6 0 0)
(5.8 0 0)
(6 0 0)
(6.2 0 0)
(6.4 0 0)
(6.6 0 0)
(6.8 0 0)
(7 0 0)
(7.2 0 0)
(7.4 0 0)
(7.6 0 0)
(7.8 0 0)
(8 0 0)
(8.2 0 0)
(8.4 0 0)
(8.6 0 0)
(8.8 0 0)
(9 0 0)
(9.2 0 0)
(9.4 0 0)
(9.6 0 0)
(9.8 0 0)
(10 0 0)
(0 -0.0707106 0.07071067812)
(0.2 -0.0707106 0.07071067812)
(0.4 -0.0707106 0.07071067812)
(0.6 -0.0707106 0.07071067812)
(0.8 -0.0707106 0.07071067812)
(1 -0.0707106 0.07071067812)
(1.2 -0.0707106 0.07071067812)
(1.4 -0.0707106 0.07071067812)
(1.6 -0.0707106 0.07071067812)
(1.8 -0.0707106 0.07071067812)
(2 -0.0707106 0.07071067812)
(2.2 -0.0707106 0.07071067812)
(2.4 -0.0707106 0.07071067812)
(2.6 -0.0707106 0.07071067812)
(2.8 -0.0707106 0.07071067812)
(3 -0.0707106 0.07071067812)
(3.2 -0.0707106 0.07071067812)
(3.4 -0.0707106 0.07071067812)
(3.6 -0.0707106 0.07071067812)
(3.8 -0.0707106 0.07071067812)
(4 -0.0707106 0.07071067812)
(4.2 -0.0707106 0.07071067812)
(4.4 -0.0707106 0.07071067812)
(4.6 -0.0707106 0.07071067812)
(4.8 -0.0707106 0.07071067812)
(5 -0.0707106 0.07071067812)
(5.2 -0.0707106 0.07071067812)
(5.4 -0.0707106 0.07071067812)
(5.6 -0.0707106 0.07071067812)
(5.8 -0.0707106 0.07071067812)
(6 -0.0707106 0.07071067812)
(6.2 -0.0707106 0.07071067812)
(6.4 -0.0707106 0.07071067812)
(6.6 -0.0707106 0.07071067812)
(6.8 -0.0707106 0.07071067812)
(7 -0.0707106 0.07071067812)
(7.2 -0.0707106 0.07071067812)
(7.4 -0.0707106 0.07071067812)
(7.6 -0.0707106 0.07071067812)
(7.8 -0.0707106 0.07071067812)
(8 -0.0707106 0.07071067812)
(8.2 -0.0707106 0.07071067812)
(8.4 -0.0707106 0.07071067812)
(8.6 -0.0707106 0.07071067812)
(8.8 -0.0707106 0.07071067812)
(9 -0.0707106 0.07071067812)
(9.2 -0.0707106 0.07071067812)
(9.4 -0.0707106 0.07071067812)
(9.6 -0.0707106 0.07071067812)
(9.8 -0.0707106 0.07071067812)
(10 -0.0707106 0.07071067812)
(0 -0.04539898899 0.08910065206)
(0.2 -0.04539898899 0.08910065206)
(0.4 -0.04539898899 0.08910065206)
(0.6 -0.04539898899 0.08910065206)
(0.8 -0.04539898899 0.08910065206)
(1 -0.04539898899 0.08910065206)
(1.2 -0.04539898899 0.08910065206)
(1.4 -0.04539898899 0.08910065206)
(1.6 -0.04539898899 0.08910065206)
(1.8 -0.04539898899 0.08910065206)
(2 -0.04539898899 0.08910065206)
(2.2 -0.04539898899 0.08910065206)
(2.4 -0.04539898899 0.08910065206)
(2.6 -0.04539898899 0.08910065206)
(2.8 -0.04539898899 0.08910065206)
(3 -0.04539898899 0.08910065206)
(3.2 -0.04539898899 0.08910065206)
(3.4 -0.04539898899 0.08910065206)
(3.6 -0.04539898899 0.08910065206)
(3.8 -0.04539898899 0.08910065206)
(4 -0.04539898899 0.08910065206)
(4.2 -0.04539898899 0.08910065206)
(4.4 -0.04539898899 0.08910065206)
(4.6 -0.04539898899 0.08910065206)
(4.8 -0.04539898899 0.08910065206)
(5 -0.04539898899 0.08910065206)
(5.2 -0.04539898899 0.08910065206)
(5.4 -0.04539898899 0.08910065206)
(5.6 -0.04539898899 0.08910065206)
(5.8 -0.04539898899 0.08910065206)
(6 -0.04539898899 0.08910065206)
(6.2 -0.04539898899 0.08910065206)
(6.4 -0.04539898899 0.08910065206)
(6.6 -0.04539898899 0.08910065206)
(6.8 -0.04539898899 0.08910065206)
(7 -0.04539898899 0.08910065206)
(7.2 -0.04539898899 0.08910065206)
(7.4 -0.04539898899 0.08910065206)
(7.6 -0.04539898899 0.08910065206)
(7.8 -0.04539898899 0.08910065206)
(8 -0.04539898899 0.08910065206)
(8.2 -0.04539898899 0.08910065206)
(8.4 -0.04539898899 0.08910065206)
(8.6 -0.04539898899 0.08910065206)
(8.8 -0.04539898899 0.08910065206)
(9 -0.04539898899 0.08910065206)
(9.2 -0.04539898899 0.08910065206)
(9.4 -0.04539898899 0.08910065206)
(9.6 -0.04539898899 0.08910065206)
(9.8 -0.04539898899 0.08910065206)
(10 -0.04539898899 0.08910065206)
(0 -0.01564340041 0.098768834)
(0.2 -0.01564340041 0.098768834)
(0.4 -0.01564340041 0.098768834)
(0.6 -0.01564340041 0.098768834)
(0.8 -0.01564340041 0.098768834)
(1 -0.01564340041 0.098768834)
(1.2 -0.01564340041 0.098768834)
(1.4 -0.01564340041 0.098768834)
(1.6 -0.01564340041 0.098768834)
(1.8 -0.01564340041 0.098768834)
(2 -0.01564340041 0.098768834)
(2.2 -0.01564340041 0.098768834)
(2.4 -0.01564340041 0.098768834)
(2.6 -0.01564340041 0.098768834)
(2.8 -0.01564340041 0.098768834)
(3 -0.01564340041 0.098768834)
(3.2 -0.01564340041 0.098768834)
(3.4 -0.01564340041 0.098768834)
(3.6 -0.01564340041 0.098768834)
(3.8 -0.01564340041 0.098768834)
(4 -0.01564340041 0.098768834)
(4.2 -0.01564340041 0.098768834)
(4.4 -0.01564340041 0.098768834)
(4.6 -0.01564340041 0.098768834)
(4.8 -0.01564340041 0.098768834)
(5 -0.01564340041 0.098768834)
(5.2 -0.01564340041 0.098768834)
(5.4 -0.01564340041 0.098768834)
(5.6 -0.01564340041 0.098768834)
(5.8 -0.01564340041 0.098768834)
(6 -0.01564340041 0.098768834)
(6.2 -0.01564340041 0.098768834)
(6.4 -0.01564340041 0.098768834)
(6.6 -0.01564340041 0.098768834)
(6.8 -0.01564340041 0.098768834)
(7 -0.01564340041 0.098768834)
(7.2 -0.01564340041 0.098768834)
(7.4 -0.01564340041 0.098768834)
(7.6 -0.01564340041 0.098768834)
(7.8 -0.01564340041 0.098768834)
(8 -0.01564340041 0.098768834)
(8.2 -0.01564340041 0.098768834)
(8.4 -0.01564340041 0.098768834)
(8.6 -0.01564340041 0.098768834)
(8.8 -0.01564340041 0.098768834)
(9 -0.01564340041 0.098768834)
(9.2 -0.01564340041 0.098768834)
(9.4 -0.01564340041 0.098768834)
(9.6 -0.01564340041 0.098768834)
(9.8 -0.01564340041 0.098768834)
(10 -0.01564340041 0.098768834)
(0 0.01564347853 0.098768834)
(0.2 0.01564347853 0.098768834)
(0.4 0.01564347853 0.098768834)
(0.6 0.01564347853 0.098768834)
(0.8 0.01564347853 0.098768834)
(1 0.01564347853 0.098768834)
(1.2 0.01564347853 0.098768834)
(1.4 0.01564347853 0.098768834)
(1.6 0.01564347853 0.098768834)
(1.8 0.01564347853 0.098768834)
(2 0.01564347853 0.098768834)
(2.2 0.01564347853 0.098768834)
(2.4 0.01564347853 0.098768834)
(2.6 0.01564347853 0.098768834)
(2.8 0.01564347853 0.098768834)
(3 0.01564347853 0.098768834)
(3.2 0.01564347853 0.098768834)
(3.4 0.01564347853 0.098768834)
(3.6 0.01564347853 0.098768834)
(3.8 0.01564347853 0.098768834)
(4 0.01564347853 0.098768834)
(4.2 0.01564347853 0.098768834)
(4.4 0.01564347853 0.098768834)
(4.6 0.01564347853 0.098768834)
(4.8 0.01564347853 0.098768834)
(5 0.01564347853 0.098768834)
(5.2 0.01564347853 0.098768834)
(5.4 0.01564347853 0.098768834)
(5.6 0.01564347853 0.098768834)
(5.8 0.01564347853 0.098768834)
(6 0.01564347853 0.098768834)
(6.2 0.01564347853 0.098768834)
(6.4 0.01564347853 0.098768834)
(6.6 0.01564347853 0.098768834)
(6.8 0.01564347853 0.098768834)
(7 0.01564347853 0.098768834)
(7.2 0.01564347853 0.098768834)
(7.4 0.01564347853 0.098768834)
(7.6 0.01564347853 0.098768834)
(7.8 0.01564347853 0.098768834)
(8 0.01564347853 0.098768834)
(8.2 0.01564347853 0.098768834)
(8.4 0.01564347853 0.098768834)
(8.6 0.01564347853 0.098768834)
(8.8 0.01564347853 0.098768834)
(9 0.01564347853 0.098768834)
(9.2 0.01564347853 0.098768834)
(9.4 0.01564347853 0.098768834)
(9.6 0.01564347853 0.098768834)
(9.8 0.01564347853 0.098768834)
(10 0.01564347853 0.098768834)
(0 0.0453990671 0.08910065206)
(0.2 0.0453990671 0.08910065206)
(0.4 0.0453990671 0.08910065206)
(0.6 0.0453990671 0.08910065206)
(0.8 0.0453990671 0.08910065206)
(1 0.0453990671 0.08910065206)
(1.2 0.0453990671 0.08910065206)
(1.4 0.0453990671 0.08910065206)
(1.6 0.0453990671 0.08910065206)
(1.8 0.0453990671 0.08910065206)
(2 0.0453990671 0.08910065206)
(2.2 0.0453990671 0.08910065206)
(2.4 0.0453990671 0.08910065206)
(2.6 0.0453990671 0.08910065206)
(2.8 0.0453990671 0.08910065206)
(3 0.0453990671 0.08910065206)
(3.2 0.0453990671 0.08910065206)
(3.4 0.0453990671 0.08910065206)
(3.6 0.0453990671 0.08910065206)
(3.8 0.0453990671 0.08910065206)
(4 0.0453990671 0.08910065206)
(4.2 0.0453990671 0.08910065206)
(4.4 0.0453990671 0.08910065206)
(4.6 0.0453990671 0.08910065206)
(4.8 0.0453990671 0.08910065206)
(5 0.0453990671 0.08910065206)
(5.2 0.0453990671 0.08910065206)
(5.4 0.0453990671 0.08910065206)
(5.6 0.0453990671 0.08910065206)
(5.8 0.0453990671 0.08910065206)
(6 0.0453990671 0.08910065206)
(6.2 0.0453990671 0.08910065206)
(6.4 0.0453990671 0.08910065206)
(6.6 0.0453990671 0.08910065206)
(6.8 0.0453990671 0.08910065206)
(7 0.0453990671 0.08910065206)
(7.2 0.0453990671 0.08910065206)
(7.4 0.0453990671 0.08910065206)
(7.6 0.0453990671 0.08910065206)
(7.8 0.0453990671 0.08910065206)
(8 0.0453990671 0.08910065206)
(8.2 0.0453990671 0.08910065206)
(8.4 0.0453990671 0.08910065206)
(8.6 0.0453990671 0.08910065206)
(8.8 0.0453990671 0.08910065206)
(9 0.0453990671 0.08910065206)
(9.2 0.0453990671 0.08910065206)
(9.4 0.0453990671 0.08910065206)
(9.6 0.0453990671 0.08910065206)
(9.8 0.0453990671 0.08910065206)
(10 0.0453990671 0.08910065206)
(0 0.07071067812 0.07071067812)
(0.2 0.07071067812 0.07071067812)
(0.4 0.07071067812 0.07071067812)
(0.6 0.07071067812 0.07071067812)
(0.8 0.07071067812 0.07071067812)
(1 0.07071067812 0.07071067812)
(1.2 0.07071067812 0.07071067812)
(1.4 0.07071067812 0.07071067812)
(1.6 0.07071067812 0.07071067812)
(1.8 0.07071067812 0.07071067812)
(2 0.07071067812 0.07071067812)
(2.2 0.07071067812 0.07071067812)
(2.4 0.07071067812 0.07071067812)
(2.6 0.07071067812 0.07071067812)
(2.8 0.07071067812 0.07071067812)
(3 0.07071067812 0.07071067812)
(3.2 0.07071067812 0.07071067812)
(3.4 0.07071067812 0.07071067812)
(3.6 0.07071067812 0.07071067812)
(3.8 0.07071067812 0.07071067812)
(4 0.07071067812 0.07071067812)
(4.2 0.07071067812 0.07071067812)
(4.4 0.07071067812 0.07071067812)
(4.6 0.07071067812 0.07071067812)
(4.8 0.07071067812 0.07071067812)
(5 0.07071067812 0.07071067812)
(5.2 0.07071067812 0.07071067812)
(5.4 0.07071067812 0.07071067812)
(5.6 0.07071067812 0.07071067812)
(5.8 0.07071067812 0.07071067812)
(6 0.07071067812 0.07071067812)
(6.2 0.07071067812 0.07071067812)
(6.4 0.07071067812 0.07071067812)
(6.6 0.07071067812 0.07071067812)
(6.8 0.07071067812 0.07071067812)
(7 0.07071067812 0.07071067812)
(7.2 0.07071067812 0.07071067812)
(7.4 0.07071067812 0.07071067812)
(7.6 0.07071067812 0.07071067812)
(7.8 0.07071067812 0.07071067812)
(8 0.07071067812 0.07071067812)
(8.2 0.07071067812 0.07071067812)
(8.4 0.07071067812 0.07071067812)
(8.6 0.07071067812 0.07071067812)
(8.8 0.07071067812 0.07071067812)
(9 0.07071067812 0.07071067812)
(9.2 0.07071067812 0.07071067812)
(9.4 0.07071067812 0.07071067812)
(9.6 0.07071067812 0.07071067812)
(9.8 0.07071067812 0.07071067812)
(10 0.07071067812 0.07071067812)
(0 -0.1414212 0.1414213562)
(0.2 -0.1414212 0.1414213562)
(0.4 -0.1414212 0.1414213562)
(0.6 -0.1414212 0.1414213562)
(0.8 -0.1414212 0.1414213562)
(1 -0.1414212 0.1414213562)
(1.2 -0.1414212 0.1414213562)
(1.4 -0.1414212 0.1414213562)
(1.6 -0.1414212 0.1414213562)
(1.8 -0.1414212 0.1414213562)
(2 -0.1414212 0.1414213562)
(2.2 -0.1414212 0.1414213562)
(2.4 -0.1414212 0.1414213562)
(2.6 -0.1414212 0.1414213562)
(2.8 -0.1414212 0.1414213562)
(3 -0.1414212 0.1414213562)
(3.2 -0.1414212 0.1414213562)
(3.4 -0.1414212 0.1414213562)
(3.6 -0.1414212 0.1414213562)
(3.8 -0.1414212 0.1414213562)
(4 -0.1414212 0.1414213562)
(4.2 -0.1414212 0.1414213562)
(4.4 -0.1414212 0.1414213562)
(4.6 -0.1414212 0.1414213562)
(4.8 -0.1414212 0.1414213562)
(5 -0.1414212 0.1414213562)
(5.2 -0.1414212 0.1414213562)
(5.4 -0.1414212 0.1414213562)
(5.6 -0.1414212 0.1414213562)
(5.8 -0.1414212 0.1414213562)
(6 -0.1414212 0.1414213562)
(6.2 -0.1414212 0.1414213562)
(6.4 -0.1414212 0.1414213562)
(6.6 -0.1414212 0.1414213562)
(6.8 -0.1414212 0.1414213562)
(7 -0.1414212 0.1414213562)
(7.2 -0.1414212 0.1414213562)
(7.4 -0.1414212 0.1414213562)
(7.6 -0.1414212 0.1414213562)
(7.8 -0.1414212 0.1414213562)
(8 -0.1414212 0.1414213562)
(8.2 -0.1414212 0.1414213562)
(8.4 -0.1414212 0.1414213562)
(8.6 -0.1414212 0.1414213562)
(8.8 -0.1414212 0.1414213562)
(9 -0.1414212 0.1414213562)
(9.2 -0.1414212 0.1414213562)
(9.4 -0.1414212 0.1414213562)
(9.6 -0.1414212 0.1414213562)
(9.8 -0.1414212 0.1414213562)
(10 -0.1414212 0.1414213562)
(0 -0.09079797797 0.1782013041)
(0.2 -0.09079797797 0.1782013041)
(0.4 -0.09079797797 0.1782013041)
(0.6 -0.09079797797 0.1782013041)
(0.8 -0.09079797797 0.1782013041)
(1 -0.09079797797 0.1782013041)
(1.2 -0.09079797797 0.1782013041)
(1.4 -0.09079797797 0.1782013041)
(1.6 -0.09079797797 0.1782013041)
(1.8 -0.09079797797 0.1782013041)
(2 -0.09079797797 0.1782013041)
(2.2 -0.09079797797 0.1782013041)
(2.4 -0.09079797797 0.1782013041)
(2.6 -0.09079797797 0.1782013041)
(2.8 -0.09079797797 0.1782013041)
(3 -0.09079797797 0.1782013041)
(3.2 -0.09079797797 0.1782013041)
(3.4 -0.09079797797 0.1782013041)
(3.6 -0.09079797797 0.1782013041)
(3.8 -0.09079797797 0.1782013041)
(4 -0.09079797797 0.1782013041)
(4.2 -0.09079797797 0.1782013041)
(4.4 -0.09079797797 0.1782013041)
(4.6 -0.09079797797 0.1782013041)
(4.8 -0.09079797797 0.1782013041)
(5 -0.09079797797 0.1782013041)
(5.2 -0.09079797797 0.1782013041)
(5.4 -0.09079797797 0.1782013041)
(5.6 -0.09079797797 0.1782013041)
(5.8 -0.09079797797 0.1782013041)
(6 -0.09079797797 0.1782013041)
(6.2 -0.09079797797 0.1782013041)
(6.4 -0.09079797797 0.1782013041)
(6.6 -0.09079797797 0.1782013041)
(6.8 -0.09079797797 0.1782013041)
(7 -0.09079797797 0.1782013041)
(7.2 -0.09079797797 0.1782013041)
(7.4 -0.09079797797 0.1782013041)
(7.6 -0.09079797797 0.1782013041)
(7.8 -0.09079797797 0.1782013041)
(8 -0.09079797797 0.1782013041)
(8.2 -0.09079797797 0.1782013041)
(8.4 -0.09079797797 0.1782013041)
(8.6 -0.09079797797 0.1782013041)
(8.8 -0.09079797797 0.1782013041)
(9 -0.09079797797 0.1782013041)
(9.2 -0.09079797797 0.1782013041)
(9.4 -0.09079797797 0.1782013041)
(9.6 -0.09079797797 0.1782013041)
(9.8 -0.09079797797 0.1782013041)
(10 -0.09079797797 0.1782013041)
(0 -0.03128680082 0.197537668)
(0.2 -0.03128680082 0.197537668)
(0.4 -0.03128680082 0.197537668)
(0.6 -0.03128680082 0.197537668)
(0.8 -0.03128680082 0.197537668)
(1 -0.03128680082 0.197537668)
(1.2 -0.03128680082 0.197537668)
(1.4 -0.03128680082 0.197537668)
(1.6 -0.03128680082 0.197537668)
(1.8 -0.03128680082 0.197537668)
(2 -0.03128680082 0.197537668)
(2.2 -0.03128680082 0.197537668)
(2.4 -0.03128680082 0.197537668)
(2.6 -0.03128680082 0.197537668)
(2.8 -0.03128680082 0.197537668)
(3 -0.03128680082 0.197537668)
(3.2 -0.03128680082 0.197537668)
(3.4 -0.03128680082 0.197537668)
(3.6 -0.03128680082 0.197537668)
(3.8 -0.03128680082 0.197537668)
(4 -0.03128680082 0.197537668)
(4.2 -0.03128680082 0.197537668)
(4.4 -0.03128680082 0.197537668)
(4.6 -0.03128680082 0.197537668)
(4.8 -0.03128680082 0.197537668)
(5 -0.03128680082 0.197537668)
(5.2 -0.03128680082 0.197537668)
(5.4 -0.03128680082 0.197537668)
(5.6 -0.03128680082 0.197537668)
(5.8 -0.03128680082 0.197537668)
(6 -0.03128680082 0.197537668)
(6.2 -0.03128680082 0.197537668)
(6.4 -0.03128680082 0.197537668)
(6.6 -0.03128680082 0.197537668)
(6.8 -0.03128680082 0.197537668)
(7 -0.03128680082 0.197537668)
(7.2 -0.03128680082 0.197537668)
(7.4 -0.03128680082 0.197537668)
(7.6 -0.03128680082 0.197537668)
(7.8 -0.03128680082 0.197537668)
(8 -0.03128680082 0.197537668)
(8.2 -0.03128680082 0.197537668)
(8.4 -0.03128680082 0.197537668)
(8.6 -0.03128680082 0.197537668)
(8.8 -0.03128680082 0.197537668)
(9 -0.03128680082 0.197537668)
(9.2 -0.03128680082 0.197537668)
(9.4 -0.03128680082 0.197537668)
(9.6 -0.03128680082 0.197537668)
(9.8 -0.03128680082 0.197537668)
(10 -0.03128680082 0.197537668)
(0 0.03128695706 0.197537668)
(0.2 0.03128695706 0.197537668)
(0.4 0.03128695706 0.197537668)
(0.6 0.03128695706 0.197537668)
(0.8 0.03128695706 0.197537668)
(1 0.03128695706 0.197537668)
(1.2 0.03128695706 0.197537668)
(1.4 0.03128695706 0.197537668)
(1.6 0.03128695706 0.197537668)
(1.8 0.03128695706 0.197537668)
(2 0.03128695706 0.197537668)
(2.2 0.03128695706 0.197537668)
(2.4 0.03128695706 0.197537668)
(2.6 0.03128695706 0.197537668)
(2.8 0.03128695706 0.197537668)
(3 0.03128695706 0.197537668)
(3.2 0.03128695706 0.197537668)
(3.4 0.03128695706 0.197537668)
(3.6 0.03128695706 0.197537668)
(3.8 0.03128695706 0.197537668)
(4 0.03128695706 0.197537668)
(4.2 0.03128695706 0.197537668)
(4.4 0.03128695706 0.197537668)
(4.6 0.03128695706 0.197537668)
(4.8 0.03128695706 0.197537668)
(5 0.03128695706 0.197537668)
(5.2 0.03128695706 0.197537668)
(5.4 0.03128695706 0.197537668)
(5.6 0.03128695706 0.197537668)
(5.8 0.03128695706 0.197537668)
(6 0.03128695706 0.197537668)
(6.2 0.03128695706 0.197537668)
(6.4 0.03128695706 0.197537668)
(6.6 0.03128695706 0.197537668)
(6.8 0.03128695706 0.197537668)
(7 0.03128695706 0.197537668)
(7.2 0.03128695706 0.197537668)
(7.4 0.03128695706 0.197537668)
(7.6 0.03128695706 0.197537668)
(7.8 0.03128695706 0.197537668)
(8 0.03128695706 0.197537668)
(8.2 0.03128695706 0.197537668)
(8.4 0.03128695706 0.197537668)
(8.6 0.03128695706 0.197537668)
(8.8 0.03128695706 0.197537668)
(9 0.03128695706 0.197537668)
(9.2 0.03128695706 0.197537668)
(9.4 0.03128695706 0.197537668)
(9.6 0.03128695706 0.197537668)
(9.8 0.03128695706 0.197537668)
(10 0.03128695706 0.197537668)
(0 0.09079813421 0.1782013041)
(0.2 0.09079813421 0.1782013041)
(0.4 0.09079813421 0.1782013041)
(0.6 0.09079813421 0.1782013041)
(0.8 0.09079813421 0.1782013041)
(1 0.09079813421 0.1782013041)
(1.2 0.09079813421 0.1782013041)
(1.4 0.09079813421 0.1782013041)
(1.6 0.09079813421 0.1782013041)
(1.8 0.09079813421 0.1782013041)
(2 0.09079813421 0.1782013041)
(2.2 0.09079813421 0.1782013041)
(2.4 0.09079813421 0.1782013041)
(2.6 0.09079813421 0.1782013041)
(2.8 0.09079813421 0.1782013041)
(3 0.09079813421 0.1782013041)
(3.2 0.09079813421 0.1782013041)
(3.4 0.09079813421 0.1782013041)
(3.6 0.09079813421 0.1782013041)
(3.8 0.09079813421 0.1782013041)
(4 0.09079813421 0.1782013041)
(4.2 0.09079813421 0.1782013041)
(4.4 0.09079813421 0.1782013041)
(4.6 0.09079813421 0.1782013041)
(4.8 0.09079813421 0.1782013041)
(5 0.09079813421 0.1782013041)
(5.2 0.09079813421 0.1782013041)
(5.4 0.09079813421 0.1782013041)
(5.6 0.09079813421 0.1782013041)
(5.8 0.09079813421 0.1782013041)
(6 0.09079813421 0.1782013041)
(6.2 0.09079813421 0.1782013041)
(6.4 0.09079813421 0.1782013041)
(6.6 0.09079813421 0.1782013041)
(6.8 0.09079813421 0.1782013041)
(7 0.09079813421 0.1782013041)
(7.2 0.09079813421 0.1782013041)
(7.4 0.09079813421 0.1782013041)
(7.6 0.09079813421 0.1782013041)
(7.8 0.09079813421 0.1782013041)
(8 0.09079813421 0.1782013041)
(8.2 0.09079813421 0.1782013041)
(8.4 0.09079813421 0.1782013041)
(8.6 0.09079813421 0.1782013041)
(8.8 0.09079813421 0.1782013041)
(9 0.09079813421 0.1782013041)
(9.2 0.09079813421 0.1782013041)
(9.4 0.09079813421 0.1782013041)
(9.6 0.09079813421 0.1782013041)
(9.8 0.09079813421 0.1782013041)
(10 0.09079813421 0.1782013041)
(0 0.1414213562 0.1414213562)
(0.2 0.1414213562 0.1414213562)
(0.4 0.1414213562 0.1414213562)
(0.6 0.1414213562 0.1414213562)
(0.8 0.1414213562 0.1414213562)
(1 0.1414213562 0.1414213562)
(1.2 0.1414213562 0.1414213562)
(1.4 0.1414213562 0.1414213562)
(1.6 0.1414213562 0.1414213562)
(1.8 0.1414213562 0.1414213562)
(2 0.1414213562 0.1414213562)
(2.2 0.1414213562 0.1414213562)
(2.4 0.1414213562 0.1414213562)
(2.6 0.1414213562 0.1414213562)
(2.8 0.1414213562 0.1414213562)
(3 0.1414213562 0.1414213562)
(3.2 0.1414213562 0.1414213562)
(3.4 0.1414213562 0.1414213562)
(3.6 0.1414213562 0.1414213562)
(3.8 0.1414213562 0.1414213562)
(4 0.1414213562 0.1414213562)
(4.2 0.1414213562 0.1414213562)
(4.4 0.1414213562 0.1414213562)
(4.6 0.1414213562 0.1414213562)
(4.8 0.1414213562 0.1414213562)
(5 0.1414213562 0.1414213562)
(5.2 0.1414213562 0.1414213562)
(5.4 0.1414213562 0.1414213562)
(5.6 0.1414213562 0.1414213562)
(5.8 0.1414213562 0.1414213562)
(6 0.1414213562 0.1414213562)
(6.2 0.1414213562 0.1414213562)
(6.4 0.1414213562 0.1414213562)
(6.6 0.1414213562 0.1414213562)
(6.8 0.1414213562 0.1414213562)
(7 0.1414213562 0.1414213562)
(7.2 0.1414213562 0.1414213562)
(7.4 0.1414213562 0.1414213562)
(7.6 0.1414213562 0.1414213562)
(7.8 0.1414213562 0.1414213562)
(8 0.1414213562 0.1414213562)
(8.2 0.1414213562 0.1414213562)
(8.4 0.1414213562 0.1414213562)
(8.6 0.1414213562 0.1414213562)
(8.8 0.1414213562 0.1414213562)
(9 0.1414213562 0.1414213562)
(9.2 0.1414213562 0.1414213562)
(9.4 0.1414213562 0.1414213562)
(9.6 0.1414213562 0.1414213562)
(9.8 0.1414213562 0.1414213562)
(10 0.1414213562 0.1414213562)
(0 -0.2121318 0.2121320344)
(0.2 -0.2121318 0.2121320344)
(0.4 -0.2121318 0.2121320344)
(0.6 -0.2121318 0.2121320344)
(0.8 -0.2121318 0.2121320344)
(1 -0.2121318 0.2121320344)
(1.2 -0.2121318 0.2121320344)
(1.4 -0.2121318 0.2121320344)
(1.6 -0.2121318 0.2121320344)
(1.8 -0.2121318 0.2121320344)
(2 -0.2121318 0.2121320344)
(2.2 -0.2121318 0.2121320344)
(2.4 -0.2121318 0.2121320344)
(2.6 -0.2121318 0.2121320344)
(2.8 -0.2121318 0.2121320344)
(3 -0.2121318 0.2121320344)
(3.2 -0.2121318 0.2121320344)
(3.4 -0.2121318 0.2121320344)
(3.6 -0.2121318 0.2121320344)
(3.8 -0.2121318 0.2121320344)
(4 -0.2121318 0.2121320344)
(4.2 -0.2121318 0.2121320344)
(4.4 -0.2121318 0.2121320344)
(4.6 -0.2121318 0.2121320344)
(4.8 -0.2121318 0.2121320344)
(5 -0.2121318 0.2121320344)
(5.2 -0.2121318 0.2121320344)
(5.4 -0.2121318 0.2121320344)
(5.6 -0.2121318 0.2121320344)
(5.8 -0.2121318 0.2121320344)
(6 -0.2121318 0.2121320344)
(6.2 -0.2121318 0.2121320344)
(6.4 -0.2121318 0.2121320344)
(6.6 -0.2121318 0.2121320344)
(6.8 -0.2121318 0.2121320344)
(7 -0.2121318 0.2121320344)
(7.2 -0.2121318 0.2121320344)
(7.4 -0.2121318 0.2121320344)
(7.6 -0.2121318 0.2121320344)
(7.8 -0.2121318 0.2121320344)
(8 -0.2121318 0.2121320344)
(8.2 -0.2121318 0.2121320344)
(8.4 -0.2121318 0.2121320344)
(8.6 -0.2121318 0.2121320344)
(8.8 -0.2121318 0.2121320344)
(9 -0.2121318 0.2121320344)
(9.2 -0.2121318 0.2121320344)
(9.4 -0.2121318 0.2121320344)
(9.6 -0.2121318 0.2121320344)
(9.8 -0.2121318 0.2121320344)
(10 -0.2121318 0.2121320344)
(0 -0.136196967 0.2673019562)
(0.2 -0.136196967 0.2673019562)
(0.4 -0.136196967 0.2673019562)
(0.6 -0.136196967 0.2673019562)
(0.8 -0.136196967 0.2673019562)
(1 -0.136196967 0.2673019562)
(1.2 -0.136196967 0.2673019562)
(1.4 -0.136196967 0.2673019562)
(1.6 -0.136196967 0.2673019562)
(1.8 -0.136196967 0.2673019562)
(2 -0.136196967 0.2673019562)
(2.2 -0.136196967 0.2673019562)
(2.4 -0.136196967 0.2673019562)
(2.6 -0.136196967 0.2673019562)
(2.8 -0.136196967 0.2673019562)
(3 -0.136196967 0.2673019562)
(3.2 -0.136196967 0.2673019562)
(3.4 -0.136196967 0.2673019562)
(3.6 -0.136196967 0.2673019562)
(3.8 -0.136196967 0.2673019562)
(4 -0.136196967 0.2673019562)
(4.2 -0.136196967 0.2673019562)
(4.4 -0.136196967 0.2673019562)
(4.6 -0.136196967 0.2673019562)
(4.8 -0.136196967 0.2673019562)
(5 -0.136196967 0.2673019562)
(5.2 -0.136196967 0.2673019562)
(5.4 -0.136196967 0.2673019562)
(5.6 -0.136196967 0.2673019562)
(5.8 -0.136196967 0.2673019562)
(6 -0.136196967 0.2673019562)
(6.2 -0.136196967 0.2673019562)
(6.4 -0.136196967 0.2673019562)
(6.6 -0.136196967 0.2673019562)
(6.8 -0.136196967 0.2673019562)
(7 -0.136196967 0.2673019562)
(7.2 -0.136196967 0.2673019562)
(7.4 -0.136196967 0.2673019562)
(7.6 -0.136196967 0.2673019562)
(7.8 -0.136196967 0.2673019562)
(8 -0.136196967 0.2673019562)
(8.2 -0.136196967 0.2673019562)
(8.4 -0.136196967 0.2673019562)
(8.6 -0.136196967 0.2673019562)
(8.8 -0.136196967 0.2673019562)
(9 -0.136196967 0.2673019562)
(9.2 -0.136196967 0.2673019562)
(9.4 -0.136196967 0.2673019562)
(9.6 -0.136196967 0.2673019562)
(9.8 -0.136196967 0.2673019562)
(10 -0.136196967 0.2673019562)
(0 -0.04693020123 0.296306502)
(0.2 -0.04693020123 0.296306502)
(0.4 -0.04693020123 0.296306502)
(0.6 -0.04693020123 0.296306502)
(0.8 -0.04693020123 0.296306502)
(1 -0.04693020123 0.296306502)
(1.2 -0.04693020123 0.296306502)
(1.4 -0.04693020123 0.296306502)
(1.6 -0.04693020123 0.296306502)
(1.8 -0.04693020123 0.296306502)
(2 -0.04693020123 0.296306502)
(2.2 -0.04693020123 0.296306502)
(2.4 -0.04693020123 0.296306502)
(2.6 -0.04693020123 0.296306502)
(2.8 -0.04693020123 0.296306502)
(3 -0.04693020123 0.296306502)
(3.2 -0.04693020123 0.296306502)
(3.4 -0.04693020123 0.296306502)
(3.6 -0.04693020123 0.296306502)
(3.8 -0.04693020123 0.296306502)
(4 -0.04693020123 0.296306502)
(4.2 -0.04693020123 0.296306502)
(4.4 -0.04693020123 0.296306502)
(4.6 -0.04693020123 0.296306502)
(4.8 -0.04693020123 0.296306502)
(5 -0.04693020123 0.296306502)
(5.2 -0.04693020123 0.296306502)
(5.4 -0.04693020123 0.296306502)
(5.6 -0.04693020123 0.296306502)
(5.8 -0.04693020123 0.296306502)
(6 -0.04693020123 0.296306502)
(6.2 -0.04693020123 0.296306502)
(6.4 -0.04693020123 0.296306502)
(6.6 -0.04693020123 0.296306502)
(6.8 -0.04693020123 0.296306502)
(7 -0.04693020123 0.296306502)
(7.2 -0.04693020123 0.296306502)
(7.4 -0.04693020123 0.296306502)
(7.6 -0.04693020123 0.296306502)
(7.8 -0.04693020123 0.296306502)
(8 -0.04693020123 0.296306502)
(8.2 -0.04693020123 0.296306502)
(8.4 -0.04693020123 0.296306502)
(8.6 -0.04693020123 0.296306502)
(8.8 -0.04693020123 0.296306502)
(9 -0.04693020123 0.296306502)
(9.2 -0.04693020123 0.296306502)
(9.4 -0.04693020123 0.296306502)
(9.6 -0.04693020123 0.296306502)
(9.8 -0.04693020123 0.296306502)
(10 -0.04693020123 0.296306502)
(0 0.04693043558 0.296306502)
(0.2 0.04693043558 0.296306502)
(0.4 0.04693043558 0.296306502)
(0.6 0.04693043558 0.296306502)
(0.8 0.04693043558 0.296306502)
(1 0.04693043558 0.296306502)
(1.2 0.04693043558 0.296306502)
(1.4 0.04693043558 0.296306502)
(1.6 0.04693043558 0.296306502)
(1.8 0.04693043558 0.296306502)
(2 0.04693043558 0.296306502)
(2.2 0.04693043558 0.296306502)
(2.4 0.04693043558 0.296306502)
(2.6 0.04693043558 0.296306502)
(2.8 0.04693043558 0.296306502)
(3 0.04693043558 0.296306502)
(3.2 0.04693043558 0.296306502)
(3.4 0.04693043558 0.296306502)
(3.6 0.04693043558 0.296306502)
(3.8 0.04693043558 0.296306502)
(4 0.04693043558 0.296306502)
(4.2 0.04693043558 0.296306502)
(4.4 0.04693043558 0.296306502)
(4.6 0.04693043558 0.296306502)
(4.8 0.04693043558 0.296306502)
(5 0.04693043558 0.296306502)
(5.2 0.04693043558 0.296306502)
(5.4 0.04693043558 0.296306502)
(5.6 0.04693043558 0.296306502)
(5.8 0.04693043558 0.296306502)
(6 0.04693043558 0.296306502)
(6.2 0.04693043558 0.296306502)
(6.4 0.04693043558 0.296306502)
(6.6 0.04693043558 0.296306502)
(6.8 0.04693043558 0.296306502)
(7 0.04693043558 0.296306502)
(7.2 0.04693043558 0.296306502)
(7.4 0.04693043558 0.296306502)
(7.6 0.04693043558 0.296306502)
(7.8 0.04693043558 0.296306502)
(8 0.04693043558 0.296306502)
(8.2 0.04693043558 0.296306502)
(8.4 0.04693043558 0.296306502)
(8.6 0.04693043558 0.296306502)
(8.8 0.04693043558 0.296306502)
(9 0.04693043558 0.296306502)
(9.2 0.04693043558 0.296306502)
(9.4 0.04693043558 0.296306502)
(9.6 0.04693043558 0.296306502)
(9.8 0.04693043558 0.296306502)
(10 0.04693043558 0.296306502)
(0 0.1361972013 0.2673019562)
(0.2 0.1361972013 0.2673019562)
(0.4 0.1361972013 0.2673019562)
(0.6 0.1361972013 0.2673019562)
(0.8 0.1361972013 0.2673019562)
(1 0.1361972013 0.2673019562)
(1.2 0.1361972013 0.2673019562)
(1.4 0.1361972013 0.2673019562)
(1.6 0.1361972013 0.2673019562)
(1.8 0.1361972013 0.2673019562)
(2 0.1361972013 0.2673019562)
(2.2 0.1361972013 0.2673019562)
(2.4 0.1361972013 0.2673019562)
(2.6 0.1361972013 0.2673019562)
(2.8 0.1361972013 0.2673019562)
(3 0.1361972013 0.2673019562)
(3.2 0.1361972013 0.2673019562)
(3.4 0.1361972013 0.2673019562)
(3.6 0.1361972013 0.2673019562)
(3.8 0.1361972013 0.2673019562)
(4 0.1361972013 0.2673019562)
(4.2 0.1361972013 0.2673019562)
(4.4 0.1361972013 0.2673019562)
(4.6 0.1361972013 0.2673019562)
(4.8 0.1361972013 0.2673019562)
(5 0.1361972013 0.2673019562)
(5.2 0.1361972013 0.2673019562)
(5.4 0.1361972013 0.2673019562)
(5.6 0.1361972013 0.2673019562)
(5.8 0.1361972013 0.2673019562)
(6 0.1361972013 0.2673019562)
(6.2 0.1361972013 0.2673019562)
(6.4 0.1361972013 0.2673019562)
(6.6 0.1361972013 0.2673019562)
(6.8 0.1361972013 0.2673019562)
(7 0.1361972013 0.2673019562)
(7.2 0.1361972013 0.2673019562)
(7.4 0.1361972013 0.2673019562)
(7.6 0.1361972013 0.2673019562)
(7.8 0.1361972013 0.2673019562)
(8 0.1361972013 0.2673019562)
(8.2 0.1361972013 0.2673019562)
(8.4 0.1361972013 0.2673019562)
(8.6 0.1361972013 0.2673019562)
(8.8 0.1361972013 0.2673019562)
(9 0.1361972013 0.2673019562)
(9.2 0.1361972013 0.2673019562)
(9.4 0.1361972013 0.2673019562)
(9.6 0.1361972013 0.2673019562)
(9.8 0.1361972013 0.2673019562)
(10 0.1361972013 0.2673019562)
(0 0.2121320344 0.2121320344)
(0.2 0.2121320344 0.2121320344)
(0.4 0.2121320344 0.2121320344)
(0.6 0.2121320344 0.2121320344)
(0.8 0.2121320344 0.2121320344)
(1 0.2121320344 0.2121320344)
(1.2 0.2121320344 0.2121320344)
(1.4 0.2121320344 0.2121320344)
(1.6 0.2121320344 0.2121320344)
(1.8 0.2121320344 0.2121320344)
(2 0.2121320344 0.2121320344)
(2.2 0.2121320344 0.2121320344)
(2.4 0.2121320344 0.2121320344)
(2.6 0.2121320344 0.2121320344)
(2.8 0.2121320344 0.2121320344)
(3 0.2121320344 0.2121320344)
(3.2 0.2121320344 0.2121320344)
(3.4 0.2121320344 0.2121320344)
(3.6 0.2121320344 0.2121320344)
(3.8 0.2121320344 0.2121320344)
(4 0.2121320344 0.2121320344)
(4.2 0.2121320344 0.2121320344)
(4.4 0.2121320344 0.2121320344)
(4.6 0.2121320344 0.2121320344)
(4.8 0.2121320344 0.2121320344)
(5 0.2121320344 0.2121320344)
(5.2 0.2121320344 0.2121320344)
(5.4 0.2121320344 0.2121320344)
(5.6 0.2121320344 0.2121320344)
(5.8 0.2121320344 0.2121320344)
(6 0.2121320344 0.2121320344)
(6.2 0.2121320344 0.2121320344)
(6.4 0.2121320344 0.2121320344)
(6.6 0.2121320344 0.2121320344)
(6.8 0.2121320344 0.2121320344)
(7 0.2121320344 0.2121320344)
(7.2 0.2121320344 0.2121320344)
(7.4 0.2121320344 0.2121320344)
(7.6 0.2121320344 0.2121320344)
(7.8 0.2121320344 0.2121320344)
(8 0.2121320344 0.2121320344)
(8.2 0.2121320344 0.2121320344)
(8.4 0.2121320344 0.2121320344)
(8.6 0.2121320344 0.2121320344)
(8.8 0.2121320344 0.2121320344)
(9 0.2121320344 0.2121320344)
(9.2 0.2121320344 0.2121320344)
(9.4 0.2121320344 0.2121320344)
(9.6 0.2121320344 0.2121320344)
(9.8 0.2121320344 0.2121320344)
(10 0.2121320344 0.2121320344)
(0 -0.2828424 0.2828427125)
(0.2 -0.2828424 0.2828427125)
(0.4 -0.2828424 0.2828427125)
(0.6 -0.2828424 0.2828427125)
(0.8 -0.2828424 0.2828427125)
(1 -0.2828424 0.2828427125)
(1.2 -0.2828424 0.2828427125)
(1.4 -0.2828424 0.2828427125)
(1.6 -0.2828424 0.2828427125)
(1.8 -0.2828424 0.2828427125)
(2 -0.2828424 0.2828427125)
(2.2 -0.2828424 0.2828427125)
(2.4 -0.2828424 0.2828427125)
(2.6 -0.2828424 0.2828427125)
(2.8 -0.2828424 0.2828427125)
(3 -0.2828424 0.2828427125)
(3.2 -0.2828424 0.2828427125)
(3.4 -0.2828424 0.2828427125)
(3.6 -0.2828424 0.2828427125)
(3.8 -0.2828424 0.2828427125)
(4 -0.2828424 0.2828427125)
(4.2 -0.2828424 0.2828427125)
(4.4 -0.2828424 0.2828427125)
(4.6 -0.2828424 0.2828427125)
(4.8 -0.2828424 0.2828427125)
(5 -0.2828424 0.2828427125)
(5.2 -0.2828424 0.2828427125)
(5.4 -0.2828424 0.2828427125)
(5.6 -0.2828424 0.2828427125)
(5.8 -0.2828424 0.2828427125)
(6 -0.2828424 0.2828427125)
(6.2 -0.2828424 0.2828427125)
(6.4 -0.2828424 0.2828427125)
(6.6 -0.2828424 0.2828427125)
(6.8 -0.2828424 0.2828427125)
(7 -0.2828424 0.2828427125)
(7.2 -0.2828424 0.2828427125)
(7.4 -0.2828424 0.2828427125)
(7.6 -0.2828424 0.2828427125)
(7.8 -0.2828424 0.2828427125)
(8 -0.2828424 0.2828427125)
(8.2 -0.2828424 0.2828427125)
(8.4 -0.2828424 0.2828427125)
(8.6 -0.2828424 0.2828427125)
(8.8 -0.2828424 0.2828427125)
(9 -0.2828424 0.2828427125)
(9.2 -0.2828424 0.2828427125)
(9.4 -0.2828424 0.2828427125)
(9.6 -0.2828424 0.2828427125)
(9.8 -0.2828424 0.2828427125)
(10 -0.2828424 0.2828427125)
(0 -0.1815959559 0.3564026082)
(0.2 -0.1815959559 0.3564026082)
(0.4 -0.1815959559 0.3564026082)
(0.6 -0.1815959559 0.3564026082)
(0.8 -0.1815959559 0.3564026082)
(1 -0.1815959559 0.3564026082)
(1.2 -0.1815959559 0.3564026082)
(1.4 -0.1815959559 0.3564026082)
(1.6 -0.1815959559 0.3564026082)
(1.8 -0.1815959559 0.3564026082)
(2 -0.1815959559 0.3564026082)
(2.2 -0.1815959559 0.3564026082)
(2.4 -0.1815959559 0.3564026082)
(2.6 -0.1815959559 0.3564026082)
(2.8 -0.1815959559 0.3564026082)
(3 -0.1815959559 0.3564026082)
(3.2 -0.1815959559 0.3564026082)
(3.4 -0.1815959559 0.3564026082)
(3.6 -0.1815959559 0.3564026082)
(3.8 -0.1815959559 0.3564026082)
(4 -0.1815959559 0.3564026082)
(4.2 -0.1815959559 0.3564026082)
(4.4 -0.1815959559 0.3564026082)
(4.6 -0.1815959559 0.3564026082)
(4.8 -0.1815959559 0.3564026082)
(5 -0.1815959559 0.3564026082)
(5.2 -0.1815959559 0.3564026082)
(5.4 -0.1815959559 0.3564026082)
(5.6 -0.1815959559 0.3564026082)
(5.8 -0.1815959559 0.3564026082)
(6 -0.1815959559 0.3564026082)
(6.2 -0.1815959559 0.3564026082)
(6.4 -0.1815959559 0.3564026082)
(6.6 -0.1815959559 0.3564026082)
(6.8 -0.1815959559 0.3564026082)
(7 -0.1815959559 0.3564026082)
(7.2 -0.1815959559 0.3564026082)
(7.4 -0.1815959559 0.3564026082)
(7.6 -0.1815959559 0.3564026082)
(7.8 -0.1815959559 0.3564026082)
(8 -0.1815959559 0.3564026082)
(8.2 -0.1815959559 0.3564026082)
(8.4 -0.1815959559 0.3564026082)
(8.6 -0.1815959559 0.3564026082)
(8.8 -0.1815959559 0.3564026082)
(9 -0.1815959559 0.3564026082)
(9.2 -0.1815959559 0.3564026082)
(9.4 -0.1815959559 0.3564026082)
(9.6 -0.1815959559 0.3564026082)
(9.8 -0.1815959559 0.3564026082)
(10 -0.1815959559 0.3564026082)
(0 -0.06257360164 0.395075336)
(0.2 -0.06257360164 0.395075336)
(0.4 -0.06257360164 0.395075336)
(0.6 -0.06257360164 0.395075336)
(0.8 -0.06257360164 0.395075336)
(1 -0.06257360164 0.395075336)
(1.2 -0.06257360164 0.395075336)
(1.4 -0.06257360164 0.395075336)
(1.6 -0.06257360164 0.395075336)
(1.8 -0.06257360164 0.395075336)
(2 -0.06257360164 0.395075336)
(2.2 -0.06257360164 0.395075336)
(2.4 -0.06257360164 0.395075336)
(2.6 -0.06257360164 0.395075336)
(2.8 -0.06257360164 0.395075336)
(3 -0.06257360164 0.395075336)
(3.2 -0.06257360164 0.395075336)
(3.4 -0.06257360164 0.395075336)
(3.6 -0.06257360164 0.395075336)
(3.8 -0.06257360164 0.395075336)
(4 -0.06257360164 0.395075336)
(4.2 -0.06257360164 0.395075336)
(4.4 -0.06257360164 0.395075336)
(4.6 -0.06257360164 0.395075336)
(4.8 -0.06257360164 0.395075336)
(5 -0.06257360164 0.395075336)
(5.2 -0.06257360164 0.395075336)
(5.4 -0.06257360164 0.395075336)
(5.6 -0.06257360164 0.395075336)
(5.8 -0.06257360164 0.395075336)
(6 -0.06257360164 0.395075336)
(6.2 -0.06257360164 0.395075336)
(6.4 -0.06257360164 0.395075336)
(6.6 -0.06257360164 0.395075336)
(6.8 -0.06257360164 0.395075336)
(7 -0.06257360164 0.395075336)
(7.2 -0.06257360164 0.395075336)
(7.4 -0.06257360164 0.395075336)
(7.6 -0.06257360164 0.395075336)
(7.8 -0.06257360164 0.395075336)
(8 -0.06257360164 0.395075336)
(8.2 -0.06257360164 0.395075336)
(8.4 -0.06257360164 0.395075336)
(8.6 -0.06257360164 0.395075336)
(8.8 -0.06257360164 0.395075336)
(9 -0.06257360164 0.395075336)
(9.2 -0.06257360164 0.395075336)
(9.4 -0.06257360164 0.395075336)
(9.6 -0.06257360164 0.395075336)
(9.8 -0.06257360164 0.395075336)
(10 -0.06257360164 0.395075336)
(0 0.06257391411 0.395075336)
(0.2 0.06257391411 0.395075336)
(0.4 0.06257391411 0.395075336)
(0.6 0.06257391411 0.395075336)
(0.8 0.06257391411 0.395075336)
(1 0.06257391411 0.395075336)
(1.2 0.06257391411 0.395075336)
(1.4 0.06257391411 0.395075336)
(1.6 0.06257391411 0.395075336)
(1.8 0.06257391411 0.395075336)
(2 0.06257391411 0.395075336)
(2.2 0.06257391411 0.395075336)
(2.4 0.06257391411 0.395075336)
(2.6 0.06257391411 0.395075336)
(2.8 0.06257391411 0.395075336)
(3 0.06257391411 0.395075336)
(3.2 0.06257391411 0.395075336)
(3.4 0.06257391411 0.395075336)
(3.6 0.06257391411 0.395075336)
(3.8 0.06257391411 0.395075336)
(4 0.06257391411 0.395075336)
(4.2 0.06257391411 0.395075336)
(4.4 0.06257391411 0.395075336)
(4.6 0.06257391411 0.395075336)
(4.8 0.06257391411 0.395075336)
(5 0.06257391411 0.395075336)
(5.2 0.06257391411 0.395075336)
(5.4 0.06257391411 0.395075336)
(5.6 0.06257391411 0.395075336)
(5.8 0.06257391411 0.395075336)
(6 0.06257391411 0.395075336)
(6.2 0.06257391411 0.395075336)
(6.4 0.06257391411 0.395075336)
(6.6 0.06257391411 0.395075336)
(6.8 0.06257391411 0.395075336)
(7 0.06257391411 0.395075336)
(7.2 0.06257391411 0.395075336)
(7.4 0.06257391411 0.395075336)
(7.6 0.06257391411 0.395075336)
(7.8 0.06257391411 0.395075336)
(8 0.06257391411 0.395075336)
(8.2 0.06257391411 0.395075336)
(8.4 0.06257391411 0.395075336)
(8.6 0.06257391411 0.395075336)
(8.8 0.06257391411 0.395075336)
(9 0.06257391411 0.395075336)
(9.2 0.06257391411 0.395075336)
(9.4 0.06257391411 0.395075336)
(9.6 0.06257391411 0.395075336)
(9.8 0.06257391411 0.395075336)
(10 0.06257391411 0.395075336)
(0 0.1815962684 0.3564026082)
(0.2 0.1815962684 0.3564026082)
(0.4 0.1815962684 0.3564026082)
(0.6 0.1815962684 0.3564026082)
(0.8 0.1815962684 0.3564026082)
(1 0.1815962684 0.3564026082)
(1.2 0.1815962684 0.3564026082)
(1.4 0.1815962684 0.3564026082)
(1.6 0.1815962684 0.3564026082)
(1.8 0.1815962684 0.3564026082)
(2 0.1815962684 0.3564026082)
(2.2 0.1815962684 0.3564026082)
(2.4 0.1815962684 0.3564026082)
(2.6 0.1815962684 0.3564026082)
(2.8 0.1815962684 0.3564026082)
(3 0.1815962684 0.3564026082)
(3.2 0.1815962684 0.3564026082)
(3.4 0.1815962684 0.3564026082)
(3.6 0.1815962684 0.3564026082)
(3.8 0.1815962684 0.3564026082)
(4 0.1815962684 0.3564026082)
(4.2 0.1815962684 0.3564026082)
(4.4 0.1815962684 0.3564026082)
(4.6 0.1815962684 0.3564026082)
(4.8 0.1815962684 0.3564026082)
(5 0.1815962684 0.3564026082)
(5.2 0.1815962684 0.3564026082)
(5.4 0.1815962684 0.3564026082)
(5.6 0.1815962684 0.3564026082)
(5.8 0.1815962684 0.3564026082)
(6 0.1815962684 0.3564026082)
(6.2 0.1815962684 0.3564026082)
(6.4 0.1815962684 0.3564026082)
(6.6 0.1815962684 0.3564026082)
(6.8 0.1815962684 0.3564026082)
(7 0.1815962684 0.3564026082)
(7.2 0.1815962684 0.3564026082)
(7.4 0.1815962684 0.3564026082)
(7.6 0.1815962684 0.3564026082)
(7.8 0.1815962684 0.3564026082)
(8 0.1815962684 0.3564026082)
(8.2 0.1815962684 0.3564026082)
(8.4 0.1815962684 0.3564026082)
(8.6 0.1815962684 0.3564026082)
(8.8 0.1815962684 0.3564026082)
(9 0.1815962684 0.3564026082)
(9.2 0.1815962684 0.3564026082)
(9.4 0.1815962684 0.3564026082)
(9.6 0.1815962684 0.3564026082)
(9.8 0.1815962684 0.3564026082)
(10 0.1815962684 0.3564026082)
(0 0.2828427125 0.2828427125)
(0.2 0.2828427125 0.2828427125)
(0.4 0.2828427125 0.2828427125)
(0.6 0.2828427125 0.2828427125)
(0.8 0.2828427125 0.2828427125)
(1 0.2828427125 0.2828427125)
(1.2 0.2828427125 0.2828427125)
(1.4 0.2828427125 0.2828427125)
(1.6 0.2828427125 0.2828427125)
(1.8 0.2828427125 0.2828427125)
(2 0.2828427125 0.2828427125)
(2.2 0.2828427125 0.2828427125)
(2.4 0.2828427125 0.2828427125)
(2.6 0.2828427125 0.2828427125)
(2.8 0.2828427125 0.2828427125)
(3 0.2828427125 0.2828427125)
(3.2 0.2828427125 0.2828427125)
(3.4 0.2828427125 0.2828427125)
(3.6 0.2828427125 0.2828427125)
(3.8 0.2828427125 0.2828427125)
(4 0.2828427125 0.2828427125)
(4.2 0.2828427125 0.2828427125)
(4.4 0.2828427125 0.2828427125)
(4.6 0.2828427125 0.2828427125)
(4.8 0.2828427125 0.2828427125)
(5 0.2828427125 0.2828427125)
(5.2 0.2828427125 0.2828427125)
(5.4 0.2828427125 0.2828427125)
(5.6 0.2828427125 0.2828427125)
(5.8 0.2828427125 0.2828427125)
(6 0.2828427125 0.2828427125)
(6.2 0.2828427125 0.2828427125)
(6.4 0.2828427125 0.2828427125)
(6.6 0.2828427125 0.2828427125)
(6.8 0.2828427125 0.2828427125)
(7 0.2828427125 0.2828427125)
(7.2 0.2828427125 0.2828427125)
(7.4 0.2828427125 0.2828427125)
(7.6 0.2828427125 0.2828427125)
(7.8 0.2828427125 0.2828427125)
(8 0.2828427125 0.2828427125)
(8.2 0.2828427125 0.2828427125)
(8.4 0.2828427125 0.2828427125)
(8.6 0.2828427125 0.2828427125)
(8.8 0.2828427125 0.2828427125)
(9 0.2828427125 0.2828427125)
(9.2 0.2828427125 0.2828427125)
(9.4 0.2828427125 0.2828427125)
(9.6 0.2828427125 0.2828427125)
(9.8 0.2828427125 0.2828427125)
(10 0.2828427125 0.2828427125)
(0 -0.353553 0.3535533906)
(0.2 -0.353553 0.3535533906)
(0.4 -0.353553 0.3535533906)
(0.6 -0.353553 0.3535533906)
(0.8 -0.353553 0.3535533906)
(1 -0.353553 0.3535533906)
(1.2 -0.353553 0.3535533906)
(1.4 -0.353553 0.3535533906)
(1.6 -0.353553 0.3535533906)
(1.8 -0.353553 0.3535533906)
(2 -0.353553 0.3535533906)
(2.2 -0.353553 0.3535533906)
(2.4 -0.353553 0.3535533906)
(2.6 -0.353553 0.3535533906)
(2.8 -0.353553 0.3535533906)
(3 -0.353553 0.3535533906)
(3.2 -0.353553 0.3535533906)
(3.4 -0.353553 0.3535533906)
(3.6 -0.353553 0.3535533906)
(3.8 -0.353553 0.3535533906)
(4 -0.353553 0.3535533906)
(4.2 -0.353553 0.3535533906)
(4.4 -0.353553 0.3535533906)
(4.6 -0.353553 0.3535533906)
(4.8 -0.353553 0.3535533906)
(5 -0.353553 0.3535533906)
(5.2 -0.353553 0.3535533906)
(5.4 -0.353553 0.3535533906)
(5.6 -0.353553 0.3535533906)
(5.8 -0.353553 0.3535533906)
(6 -0.353553 0.3535533906)
(6.2 -0.353553 0.3535533906)
(6.4 -0.353553 0.3535533906)
(6.6 -0.353553 0.3535533906)
(6.8 -0.353553 0.3535533906)
(7 -0.353553 0.3535533906)
(7.2 -0.353553 0.3535533906)
(7.4 -0.353553 0.3535533906)
(7.6 -0.353553 0.3535533906)
(7.8 -0.353553 0.3535533906)
(8 -0.353553 0.3535533906)
(8.2 -0.353553 0.3535533906)
(8.4 -0.353553 0.3535533906)
(8.6 -0.353553 0.3535533906)
(8.8 -0.353553 0.3535533906)
(9 -0.353553 0.3535533906)
(9.2 -0.353553 0.3535533906)
(9.4 -0.353553 0.3535533906)
(9.6 -0.353553 0.3535533906)
(9.8 -0.353553 0.3535533906)
(10 -0.353553 0.3535533906)
(0 -0.2269949449 0.4455032603)
(0.2 -0.2269949449 0.4455032603)
(0.4 -0.2269949449 0.4455032603)
(0.6 -0.2269949449 0.4455032603)
(0.8 -0.2269949449 0.4455032603)
(1 -0.2269949449 0.4455032603)
(1.2 -0.2269949449 0.4455032603)
(1.4 -0.2269949449 0.4455032603)
(1.6 -0.2269949449 0.4455032603)
(1.8 -0.2269949449 0.4455032603)
(2 -0.2269949449 0.4455032603)
(2.2 -0.2269949449 0.4455032603)
(2.4 -0.2269949449 0.4455032603)
(2.6 -0.2269949449 0.4455032603)
(2.8 -0.2269949449 0.4455032603)
(3 -0.2269949449 0.4455032603)
(3.2 -0.2269949449 0.4455032603)
(3.4 -0.2269949449 0.4455032603)
(3.6 -0.2269949449 0.4455032603)
(3.8 -0.2269949449 0.4455032603)
(4 -0.2269949449 0.4455032603)
(4.2 -0.2269949449 0.4455032603)
(4.4 -0.2269949449 0.4455032603)
(4.6 -0.2269949449 0.4455032603)
(4.8 -0.2269949449 0.4455032603)
(5 -0.2269949449 0.4455032603)
(5.2 -0.2269949449 0.4455032603)
(5.4 -0.2269949449 0.4455032603)
(5.6 -0.2269949449 0.4455032603)
(5.8 -0.2269949449 0.4455032603)
(6 -0.2269949449 0.4455032603)
(6.2 -0.2269949449 0.4455032603)
(6.4 -0.2269949449 0.4455032603)
(6.6 -0.2269949449 0.4455032603)
(6.8 -0.2269949449 0.4455032603)
(7 -0.2269949449 0.4455032603)
(7.2 -0.2269949449 0.4455032603)
(7.4 -0.2269949449 0.4455032603)
(7.6 -0.2269949449 0.4455032603)
(7.8 -0.2269949449 0.4455032603)
(8 -0.2269949449 0.4455032603)
(8.2 -0.2269949449 0.4455032603)
(8.4 -0.2269949449 0.4455032603)
(8.6 -0.2269949449 0.4455032603)
(8.8 -0.2269949449 0.4455032603)
(9 -0.2269949449 0.4455032603)
(9.2 -0.2269949449 0.4455032603)
(9.4 -0.2269949449 0.4455032603)
(9.6 -0.2269949449 0.4455032603)
(9.8 -0.2269949449 0.4455032603)
(10 -0.2269949449 0.4455032603)
(0 -0.07821700204 0.49384417)
(0.2 -0.07821700204 0.49384417)
(0.4 -0.07821700204 0.49384417)
(0.6 -0.07821700204 0.49384417)
(0.8 -0.07821700204 0.49384417)
(1 -0.07821700204 0.49384417)
(1.2 -0.07821700204 0.49384417)
(1.4 -0.07821700204 0.49384417)
(1.6 -0.07821700204 0.49384417)
(1.8 -0.07821700204 0.49384417)
(2 -0.07821700204 0.49384417)
(2.2 -0.07821700204 0.49384417)
(2.4 -0.07821700204 0.49384417)
(2.6 -0.07821700204 0.49384417)
(2.8 -0.07821700204 0.49384417)
(3 -0.07821700204 0.49384417)
(3.2 -0.07821700204 0.49384417)
(3.4 -0.07821700204 0.49384417)
(3.6 -0.07821700204 0.49384417)
(3.8 -0.07821700204 0.49384417)
(4 -0.07821700204 0.49384417)
(4.2 -0.07821700204 0.49384417)
(4.4 -0.07821700204 0.49384417)
(4.6 -0.07821700204 0.49384417)
(4.8 -0.07821700204 0.49384417)
(5 -0.07821700204 0.49384417)
(5.2 -0.07821700204 0.49384417)
(5.4 -0.07821700204 0.49384417)
(5.6 -0.07821700204 0.49384417)
(5.8 -0.07821700204 0.49384417)
(6 -0.07821700204 0.49384417)
(6.2 -0.07821700204 0.49384417)
(6.4 -0.07821700204 0.49384417)
(6.6 -0.07821700204 0.49384417)
(6.8 -0.07821700204 0.49384417)
(7 -0.07821700204 0.49384417)
(7.2 -0.07821700204 0.49384417)
(7.4 -0.07821700204 0.49384417)
(7.6 -0.07821700204 0.49384417)
(7.8 -0.07821700204 0.49384417)
(8 -0.07821700204 0.49384417)
(8.2 -0.07821700204 0.49384417)
(8.4 -0.07821700204 0.49384417)
(8.6 -0.07821700204 0.49384417)
(8.8 -0.07821700204 0.49384417)
(9 -0.07821700204 0.49384417)
(9.2 -0.07821700204 0.49384417)
(9.4 -0.07821700204 0.49384417)
(9.6 -0.07821700204 0.49384417)
(9.8 -0.07821700204 0.49384417)
(10 -0.07821700204 0.49384417)
(0 0.07821739264 0.49384417)
(0.2 0.07821739264 0.49384417)
(0.4 0.07821739264 0.49384417)
(0.6 0.07821739264 0.49384417)
(0.8 0.07821739264 0.49384417)
(1 0.07821739264 0.49384417)
(1.2 0.07821739264 0.49384417)
(1.4 0.07821739264 0.49384417)
(1.6 0.07821739264 0.49384417)
(1.8 0.07821739264 0.49384417)
(2 0.07821739264 0.49384417)
(2.2 0.07821739264 0.49384417)
(2.4 0.07821739264 0.49384417)
(2.6 0.07821739264 0.49384417)
(2.8 0.07821739264 0.49384417)
(3 0.07821739264 0.49384417)
(3.2 0.07821739264 0.49384417)
(3.4 0.07821739264 0.49384417)
(3.6 0.07821739264 0.49384417)
(3.8 0.07821739264 0.49384417)
(4 0.07821739264 0.49384417)
(4.2 0.07821739264 0.49384417)
(4.4 0.07821739264 0.49384417)
(4.6 0.07821739264 0.49384417)
(4.8 0.07821739264 0.49384417)
(5 0.07821739264 0.49384417)
(5.2 0.07821739264 0.49384417)
(5.4 0.07821739264 0.49384417)
(5.6 0.07821739264 0.49384417)
(5.8 0.07821739264 0.49384417)
(6 0.07821739264 0.49384417)
(6.2 0.07821739264 0.49384417)
(6.4 0.07821739264 0.49384417)
(6.6 0.07821739264 0.49384417)
(6.8 0.07821739264 0.49384417)
(7 0.07821739264 0.49384417)
(7.2 0.07821739264 0.49384417)
(7.4 0.07821739264 0.49384417)
(7.6 0.07821739264 0.49384417)
(7.8 0.07821739264 0.49384417)
(8 0.07821739264 0.49384417)
(8.2 0.07821739264 0.49384417)
(8.4 0.07821739264 0.49384417)
(8.6 0.07821739264 0.49384417)
(8.8 0.07821739264 0.49384417)
(9 0.07821739264 0.49384417)
(9.2 0.07821739264 0.49384417)
(9.4 0.07821739264 0.49384417)
(9.6 0.07821739264 0.49384417)
(9.8 0.07821739264 0.49384417)
(10 0.07821739264 0.49384417)
(0 0.2269953355 0.4455032603)
(0.2 0.2269953355 0.4455032603)
(0.4 0.2269953355 0.4455032603)
(0.6 0.2269953355 0.4455032603)
(0.8 0.2269953355 0.4455032603)
(1 0.2269953355 0.4455032603)
(1.2 0.2269953355 0.4455032603)
(1.4 0.2269953355 0.4455032603)
(1.6 0.2269953355 0.4455032603)
(1.8 0.2269953355 0.4455032603)
(2 0.2269953355 0.4455032603)
(2.2 0.2269953355 0.4455032603)
(2.4 0.2269953355 0.4455032603)
(2.6 0.2269953355 0.4455032603)
(2.8 0.2269953355 0.4455032603)
(3 0.2269953355 0.4455032603)
(3.2 0.2269953355 0.4455032603)
(3.4 0.2269953355 0.4455032603)
(3.6 0.2269953355 0.4455032603)
(3.8 0.2269953355 0.4455032603)
(4 0.2269953355 0.4455032603)
(4.2 0.2269953355 0.4455032603)
(4.4 0.2269953355 0.4455032603)
(4.6 0.2269953355 0.4455032603)
(4.8 0.2269953355 0.4455032603)
(5 0.2269953355 0.4455032603)
(5.2 0.2269953355 0.4455032603)
(5.4 0.2269953355 0.4455032603)
(5.6 0.2269953355 0.4455032603)
(5.8 0.2269953355 0.4455032603)
(6 0.2269953355 0.4455032603)
(6.2 0.2269953355 0.4455032603)
(6.4 0.2269953355 0.4455032603)
(6.6 0.2269953355 0.4455032603)
(6.8 0.2269953355 0.4455032603)
(7 0.2269953355 0.4455032603)
(7.2 0.2269953355 0.4455032603)
(7.4 0.2269953355 0.4455032603)
(7.6 0.2269953355 0.4455032603)
(7.8 0.2269953355 0.4455032603)
(8 0.2269953355 0.4455032603)
(8.2 0.2269953355 0.4455032603)
(8.4 0.2269953355 0.4455032603)
(8.6 0.2269953355 0.4455032603)
(8.8 0.2269953355 0.4455032603)
(9 0.2269953355 0.4455032603)
(9.2 0.2269953355 0.4455032603)
(9.4 0.2269953355 0.4455032603)
(9.6 0.2269953355 0.4455032603)
(9.8 0.2269953355 0.4455032603)
(10 0.2269953355 0.4455032603)
(0 0.3535533906 0.3535533906)
(0.2 0.3535533906 0.3535533906)
(0.4 0.3535533906 0.3535533906)
(0.6 0.3535533906 0.3535533906)
(0.8 0.3535533906 0.3535533906)
(1 0.3535533906 0.3535533906)
(1.2 0.3535533906 0.3535533906)
(1.4 0.3535533906 0.3535533906)
(1.6 0.3535533906 0.3535533906)
(1.8 0.3535533906 0.3535533906)
(2 0.3535533906 0.3535533906)
(2.2 0.3535533906 0.3535533906)
(2.4 0.3535533906 0.3535533906)
(2.6 0.3535533906 0.3535533906)
(2.8 0.3535533906 0.3535533906)
(3 0.3535533906 0.3535533906)
(3.2 0.3535533906 0.3535533906)
(3.4 0.3535533906 0.3535533906)
(3.6 0.3535533906 0.3535533906)
(3.8 0.3535533906 0.3535533906)
(4 0.3535533906 0.3535533906)
(4.2 0.3535533906 0.3535533906)
(4.4 0.3535533906 0.3535533906)
(4.6 0.3535533906 0.3535533906)
(4.8 0.3535533906 0.3535533906)
(5 0.3535533906 0.3535533906)
(5.2 0.3535533906 0.3535533906)
(5.4 0.3535533906 0.3535533906)
(5.6 0.3535533906 0.3535533906)
(5.8 0.3535533906 0.3535533906)
(6 0.3535533906 0.3535533906)
(6.2 0.3535533906 0.3535533906)
(6.4 0.3535533906 0.3535533906)
(6.6 0.3535533906 0.3535533906)
(6.8 0.3535533906 0.3535533906)
(7 0.3535533906 0.3535533906)
(7.2 0.3535533906 0.3535533906)
(7.4 0.3535533906 0.3535533906)
(7.6 0.3535533906 0.3535533906)
(7.8 0.3535533906 0.3535533906)
(8 0.3535533906 0.3535533906)
(8.2 0.3535533906 0.3535533906)
(8.4 0.3535533906 0.3535533906)
(8.6 0.3535533906 0.3535533906)
(8.8 0.3535533906 0.3535533906)
(9 0.3535533906 0.3535533906)
(9.2 0.3535533906 0.3535533906)
(9.4 0.3535533906 0.3535533906)
(9.6 0.3535533906 0.3535533906)
(9.8 0.3535533906 0.3535533906)
(10 0.3535533906 0.3535533906)
)


// ************************************************************************* //
