/*--------------------------------*- C++ -*----------------------------------*\
| =========                 |                                                 |
| \\      /  F ield         | OpenFOAM: The Open Source CFD Toolbox           |
|  \\    /   O peration     | Version:  v2006                                 |
|   \\  /    A nd           | Website:  www.openfoam.com                      |
|    \\/     M anipulation  |                                                 |
\*---------------------------------------------------------------------------*/
FoamFile
{
    version     2.0;
    format      ascii;
    class       volScalarField;
    location    "0";
    object      Cz;
}
// * * * * * * * * * * * * * * * * * * * * * * * * * * * * * * * * * * * * * //

dimensions      [0 1 0 0 0 0 0];


internalField   nonuniform List<scalar> 
1250
(
0.0532704
0.0532704
0.0532704
0.0532704
0.0532704
0.0532704
0.0532704
0.0532704
0.0532704
0.0532704
0.0532704
0.0532704
0.0532704
0.0532704
0.0532704
0.0532704
0.0532704
0.0532704
0.0532704
0.0532704
0.0532704
0.0532704
0.0532704
0.0532704
0.0532704
0.0532704
0.0532704
0.0532704
0.0532704
0.0532704
0.0532704
0.0532704
0.0532704
0.0532704
0.0532704
0.0532704
0.0532704
0.0532704
0.0532704
0.0532704
0.0532704
0.0532704
0.0532704
0.0532704
0.0532704
0.0532704
0.0532704
0.0532704
0.0532704
0.0532704
0.0626232
0.0626232
0.0626232
0.0626232
0.0626232
0.0626232
0.0626232
0.0626232
0.0626232
0.0626232
0.0626232
0.0626232
0.0626232
0.0626232
0.0626232
0.0626232
0.0626232
0.0626232
0.0626232
0.0626232
0.0626232
0.0626232
0.0626232
0.0626232
0.0626232
0.0626232
0.0626232
0.0626232
0.0626232
0.0626232
0.0626232
0.0626232
0.0626232
0.0626232
0.0626232
0.0626232
0.0626232
0.0626232
0.0626232
0.0626232
0.0626232
0.0626232
0.0626232
0.0626232
0.0626232
0.0626232
0.0626232
0.0626232
0.0626232
0.0626232
0.0658459
0.0658459
0.0658459
0.0658459
0.0658459
0.0658459
0.0658459
0.0658459
0.0658459
0.0658459
0.0658459
0.0658459
0.0658459
0.0658459
0.0658459
0.0658459
0.0658459
0.0658459
0.0658459
0.0658459
0.0658459
0.0658459
0.0658459
0.0658459
0.0658459
0.0658459
0.0658459
0.0658459
0.0658459
0.0658459
0.0658459
0.0658459
0.0658459
0.0658459
0.0658459
0.0658459
0.0658459
0.0658459
0.0658459
0.0658459
0.0658459
0.0658459
0.0658459
0.0658459
0.0658459
0.0658459
0.0658459
0.0658459
0.0658459
0.0658459
0.0626232
0.0626232
0.0626232
0.0626232
0.0626232
0.0626232
0.0626232
0.0626232
0.0626232
0.0626232
0.0626232
0.0626232
0.0626232
0.0626232
0.0626232
0.0626232
0.0626232
0.0626232
0.0626232
0.0626232
0.0626232
0.0626232
0.0626232
0.0626232
0.0626232
0.0626232
0.0626232
0.0626232
0.0626232
0.0626232
0.0626232
0.0626232
0.0626232
0.0626232
0.0626232
0.0626232
0.0626232
0.0626232
0.0626232
0.0626232
0.0626232
0.0626232
0.0626232
0.0626232
0.0626232
0.0626232
0.0626232
0.0626232
0.0626232
0.0626232
0.0532704
0.0532704
0.0532704
0.0532704
0.0532704
0.0532704
0.0532704
0.0532704
0.0532704
0.0532704
0.0532704
0.0532704
0.0532704
0.0532704
0.0532704
0.0532704
0.0532704
0.0532704
0.0532704
0.0532704
0.0532704
0.0532704
0.0532704
0.0532704
0.0532704
0.0532704
0.0532704
0.0532704
0.0532704
0.0532704
0.0532704
0.0532704
0.0532704
0.0532704
0.0532704
0.0532704
0.0532704
0.0532704
0.0532704
0.0532704
0.0532704
0.0532704
0.0532704
0.0532704
0.0532704
0.0532704
0.0532704
0.0532704
0.0532704
0.0532704
0.124298
0.124298
0.124298
0.124298
0.124298
0.124298
0.124298
0.124298
0.124298
0.124298
0.124298
0.124298
0.124298
0.124298
0.124298
0.124298
0.124298
0.124298
0.124298
0.124298
0.124298
0.124298
0.124298
0.124298
0.124298
0.124298
0.124298
0.124298
0.124298
0.124298
0.124298
0.124298
0.124298
0.124298
0.124298
0.124298
0.124298
0.124298
0.124298
0.124298
0.124298
0.124298
0.124298
0.124298
0.124298
0.124298
0.124298
0.124298
0.124298
0.124298
0.146121
0.146121
0.146121
0.146121
0.146121
0.146121
0.146121
0.146121
0.146121
0.146121
0.146121
0.146121
0.146121
0.146121
0.146121
0.146121
0.146121
0.146121
0.146121
0.146121
0.146121
0.146121
0.146121
0.146121
0.146121
0.146121
0.146121
0.146121
0.146121
0.146121
0.146121
0.146121
0.146121
0.146121
0.146121
0.146121
0.146121
0.146121
0.146121
0.146121
0.146121
0.146121
0.146121
0.146121
0.146121
0.146121
0.146121
0.146121
0.146121
0.146121
0.15364
0.15364
0.15364
0.15364
0.15364
0.15364
0.15364
0.15364
0.15364
0.15364
0.15364
0.15364
0.15364
0.15364
0.15364
0.15364
0.15364
0.15364
0.15364
0.15364
0.15364
0.15364
0.15364
0.15364
0.15364
0.15364
0.15364
0.15364
0.15364
0.15364
0.15364
0.15364
0.15364
0.15364
0.15364
0.15364
0.15364
0.15364
0.15364
0.15364
0.15364
0.15364
0.15364
0.15364
0.15364
0.15364
0.15364
0.15364
0.15364
0.15364
0.146121
0.146121
0.146121
0.146121
0.146121
0.146121
0.146121
0.146121
0.146121
0.146121
0.146121
0.146121
0.146121
0.146121
0.146121
0.146121
0.146121
0.146121
0.146121
0.146121
0.146121
0.146121
0.146121
0.146121
0.146121
0.146121
0.146121
0.146121
0.146121
0.146121
0.146121
0.146121
0.146121
0.146121
0.146121
0.146121
0.146121
0.146121
0.146121
0.146121
0.146121
0.146121
0.146121
0.146121
0.146121
0.146121
0.146121
0.146121
0.146121
0.146121
0.124298
0.124298
0.124298
0.124298
0.124298
0.124298
0.124298
0.124298
0.124298
0.124298
0.124298
0.124298
0.124298
0.124298
0.124298
0.124298
0.124298
0.124298
0.124298
0.124298
0.124298
0.124298
0.124298
0.124298
0.124298
0.124298
0.124298
0.124298
0.124298
0.124298
0.124298
0.124298
0.124298
0.124298
0.124298
0.124298
0.124298
0.124298
0.124298
0.124298
0.124298
0.124298
0.124298
0.124298
0.124298
0.124298
0.124298
0.124298
0.124298
0.124298
0.202428
0.202428
0.202428
0.202428
0.202428
0.202428
0.202428
0.202428
0.202428
0.202428
0.202428
0.202428
0.202428
0.202428
0.202428
0.202428
0.202428
0.202428
0.202428
0.202428
0.202428
0.202428
0.202428
0.202428
0.202428
0.202428
0.202428
0.202428
0.202428
0.202428
0.202428
0.202428
0.202428
0.202428
0.202428
0.202428
0.202428
0.202428
0.202428
0.202428
0.202428
0.202428
0.202428
0.202428
0.202428
0.202428
0.202428
0.202428
0.202428
0.202428
0.237968
0.237968
0.237968
0.237968
0.237968
0.237968
0.237968
0.237968
0.237968
0.237968
0.237968
0.237968
0.237968
0.237968
0.237968
0.237968
0.237968
0.237968
0.237968
0.237968
0.237968
0.237968
0.237968
0.237968
0.237968
0.237968
0.237968
0.237968
0.237968
0.237968
0.237968
0.237968
0.237968
0.237968
0.237968
0.237968
0.237968
0.237968
0.237968
0.237968
0.237968
0.237968
0.237968
0.237968
0.237968
0.237968
0.237968
0.237968
0.237968
0.237968
0.250214
0.250214
0.250214
0.250214
0.250214
0.250214
0.250214
0.250214
0.250214
0.250214
0.250214
0.250214
0.250214
0.250214
0.250214
0.250214
0.250214
0.250214
0.250214
0.250214
0.250214
0.250214
0.250214
0.250214
0.250214
0.250214
0.250214
0.250214
0.250214
0.250214
0.250214
0.250214
0.250214
0.250214
0.250214
0.250214
0.250214
0.250214
0.250214
0.250214
0.250214
0.250214
0.250214
0.250214
0.250214
0.250214
0.250214
0.250214
0.250214
0.250214
0.237968
0.237968
0.237968
0.237968
0.237968
0.237968
0.237968
0.237968
0.237968
0.237968
0.237968
0.237968
0.237968
0.237968
0.237968
0.237968
0.237968
0.237968
0.237968
0.237968
0.237968
0.237968
0.237968
0.237968
0.237968
0.237968
0.237968
0.237968
0.237968
0.237968
0.237968
0.237968
0.237968
0.237968
0.237968
0.237968
0.237968
0.237968
0.237968
0.237968
0.237968
0.237968
0.237968
0.237968
0.237968
0.237968
0.237968
0.237968
0.237968
0.237968
0.202428
0.202428
0.202428
0.202428
0.202428
0.202428
0.202428
0.202428
0.202428
0.202428
0.202428
0.202428
0.202428
0.202428
0.202428
0.202428
0.202428
0.202428
0.202428
0.202428
0.202428
0.202428
0.202428
0.202428
0.202428
0.202428
0.202428
0.202428
0.202428
0.202428
0.202428
0.202428
0.202428
0.202428
0.202428
0.202428
0.202428
0.202428
0.202428
0.202428
0.202428
0.202428
0.202428
0.202428
0.202428
0.202428
0.202428
0.202428
0.202428
0.202428
0.281572
0.281572
0.281572
0.281572
0.281572
0.281572
0.281572
0.281572
0.281572
0.281572
0.281572
0.281572
0.281572
0.281572
0.281572
0.281572
0.281572
0.281572
0.281572
0.281572
0.281572
0.281572
0.281572
0.281572
0.281572
0.281572
0.281572
0.281572
0.281572
0.281572
0.281572
0.281572
0.281572
0.281572
0.281572
0.281572
0.281572
0.281572
0.281572
0.281572
0.281572
0.281572
0.281572
0.281572
0.281572
0.281572
0.281572
0.281572
0.281572
0.281572
0.331008
0.331008
0.331008
0.331008
0.331008
0.331008
0.331008
0.331008
0.331008
0.331008
0.331008
0.331008
0.331008
0.331008
0.331008
0.331008
0.331008
0.331008
0.331008
0.331008
0.331008
0.331008
0.331008
0.331008
0.331008
0.331008
0.331008
0.331008
0.331008
0.331008
0.331008
0.331008
0.331008
0.331008
0.331008
0.331008
0.331008
0.331008
0.331008
0.331008
0.331008
0.331008
0.331008
0.331008
0.331008
0.331008
0.331008
0.331008
0.331008
0.331008
0.348043
0.348043
0.348043
0.348043
0.348043
0.348043
0.348043
0.348043
0.348043
0.348043
0.348043
0.348043
0.348043
0.348043
0.348043
0.348043
0.348043
0.348043
0.348043
0.348043
0.348043
0.348043
0.348043
0.348043
0.348043
0.348043
0.348043
0.348043
0.348043
0.348043
0.348043
0.348043
0.348043
0.348043
0.348043
0.348043
0.348043
0.348043
0.348043
0.348043
0.348043
0.348043
0.348043
0.348043
0.348043
0.348043
0.348043
0.348043
0.348043
0.348043
0.331008
0.331008
0.331008
0.331008
0.331008
0.331008
0.331008
0.331008
0.331008
0.331008
0.331008
0.331008
0.331008
0.331008
0.331008
0.331008
0.331008
0.331008
0.331008
0.331008
0.331008
0.331008
0.331008
0.331008
0.331008
0.331008
0.331008
0.331008
0.331008
0.331008
0.331008
0.331008
0.331008
0.331008
0.331008
0.331008
0.331008
0.331008
0.331008
0.331008
0.331008
0.331008
0.331008
0.331008
0.331008
0.331008
0.331008
0.331008
0.331008
0.331008
0.281572
0.281572
0.281572
0.281572
0.281572
0.281572
0.281572
0.281572
0.281572
0.281572
0.281572
0.281572
0.281572
0.281572
0.281572
0.281572
0.281572
0.281572
0.281572
0.281572
0.281572
0.281572
0.281572
0.281572
0.281572
0.281572
0.281572
0.281572
0.281572
0.281572
0.281572
0.281572
0.281572
0.281572
0.281572
0.281572
0.281572
0.281572
0.281572
0.281572
0.281572
0.281572
0.281572
0.281572
0.281572
0.281572
0.281572
0.281572
0.281572
0.281572
0.361055
0.361055
0.361055
0.361055
0.361055
0.361055
0.361055
0.361055
0.361055
0.361055
0.361055
0.361055
0.361055
0.361055
0.361055
0.361055
0.361055
0.361055
0.361055
0.361055
0.361055
0.361055
0.361055
0.361055
0.361055
0.361055
0.361055
0.361055
0.361055
0.361055
0.361055
0.361055
0.361055
0.361055
0.361055
0.361055
0.361055
0.361055
0.361055
0.361055
0.361055
0.361055
0.361055
0.361055
0.361055
0.361055
0.361055
0.361055
0.361055
0.361055
0.424446
0.424446
0.424446
0.424446
0.424446
0.424446
0.424446
0.424446
0.424446
0.424446
0.424446
0.424446
0.424446
0.424446
0.424446
0.424446
0.424446
0.424446
0.424446
0.424446
0.424446
0.424446
0.424446
0.424446
0.424446
0.424446
0.424446
0.424446
0.424446
0.424446
0.424446
0.424446
0.424446
0.424446
0.424446
0.424446
0.424446
0.424446
0.424446
0.424446
0.424446
0.424446
0.424446
0.424446
0.424446
0.424446
0.424446
0.424446
0.424446
0.424446
0.446289
0.446289
0.446289
0.446289
0.446289
0.446289
0.446289
0.446289
0.446289
0.446289
0.446289
0.446289
0.446289
0.446289
0.446289
0.446289
0.446289
0.446289
0.446289
0.446289
0.446289
0.446289
0.446289
0.446289
0.446289
0.446289
0.446289
0.446289
0.446289
0.446289
0.446289
0.446289
0.446289
0.446289
0.446289
0.446289
0.446289
0.446289
0.446289
0.446289
0.446289
0.446289
0.446289
0.446289
0.446289
0.446289
0.446289
0.446289
0.446289
0.446289
0.424446
0.424446
0.424446
0.424446
0.424446
0.424446
0.424446
0.424446
0.424446
0.424446
0.424446
0.424446
0.424446
0.424446
0.424446
0.424446
0.424446
0.424446
0.424446
0.424446
0.424446
0.424446
0.424446
0.424446
0.424446
0.424446
0.424446
0.424446
0.424446
0.424446
0.424446
0.424446
0.424446
0.424446
0.424446
0.424446
0.424446
0.424446
0.424446
0.424446
0.424446
0.424446
0.424446
0.424446
0.424446
0.424446
0.424446
0.424446
0.424446
0.424446
0.361055
0.361055
0.361055
0.361055
0.361055
0.361055
0.361055
0.361055
0.361055
0.361055
0.361055
0.361055
0.361055
0.361055
0.361055
0.361055
0.361055
0.361055
0.361055
0.361055
0.361055
0.361055
0.361055
0.361055
0.361055
0.361055
0.361055
0.361055
0.361055
0.361055
0.361055
0.361055
0.361055
0.361055
0.361055
0.361055
0.361055
0.361055
0.361055
0.361055
0.361055
0.361055
0.361055
0.361055
0.361055
0.361055
0.361055
0.361055
0.361055
0.361055
)
;

boundaryField
{
    inlet
    {
        type            calculated;
        value           nonuniform List<scalar> 
25
(
0.0532704
0.0626232
0.0658459
0.0626232
0.0532704
0.124298
0.146121
0.15364
0.146121
0.124298
0.202428
0.237968
0.250214
0.237968
0.202428
0.281572
0.331008
0.348043
0.331008
0.281572
0.361055
0.424446
0.446289
0.424446
0.361055
)
;
    }
    outlet
    {
        type            calculated;
        value           nonuniform List<scalar> 
25
(
0.0532704
0.0626232
0.0658459
0.0626232
0.0532704
0.124298
0.146121
0.15364
0.146121
0.124298
0.202428
0.237968
0.250214
0.237968
0.202428
0.281572
0.331008
0.348043
0.331008
0.281572
0.361055
0.424446
0.446289
0.424446
0.361055
)
;
    }
    side1
    {
        type            cyclicAMI;
        value           nonuniform List<scalar> 
250
(
0.0353553
0.106066
0.176777
0.247487
0.318198
0.0353553
0.106066
0.176777
0.247487
0.318198
0.0353553
0.106066
0.176777
0.247487
0.318198
0.0353553
0.106066
0.176777
0.247487
0.318198
0.0353553
0.106066
0.176777
0.247487
0.318198
0.0353553
0.106066
0.176777
0.247487
0.318198
0.0353553
0.106066
0.176777
0.247487
0.318198
0.0353553
0.106066
0.176777
0.247487
0.318198
0.0353553
0.106066
0.176777
0.247487
0.318198
0.0353553
0.106066
0.176777
0.247487
0.318198
0.0353553
0.106066
0.176777
0.247487
0.318198
0.0353553
0.106066
0.176777
0.247487
0.318198
0.0353553
0.106066
0.176777
0.247487
0.318198
0.0353553
0.106066
0.176777
0.247487
0.318198
0.0353553
0.106066
0.176777
0.247487
0.318198
0.0353553
0.106066
0.176777
0.247487
0.318198
0.0353553
0.106066
0.176777
0.247487
0.318198
0.0353553
0.106066
0.176777
0.247487
0.318198
0.0353553
0.106066
0.176777
0.247487
0.318198
0.0353553
0.106066
0.176777
0.247487
0.318198
0.0353553
0.106066
0.176777
0.247487
0.318198
0.0353553
0.106066
0.176777
0.247487
0.318198
0.0353553
0.106066
0.176777
0.247487
0.318198
0.0353553
0.106066
0.176777
0.247487
0.318198
0.0353553
0.106066
0.176777
0.247487
0.318198
0.0353553
0.106066
0.176777
0.247487
0.318198
0.0353553
0.106066
0.176777
0.247487
0.318198
0.0353553
0.106066
0.176777
0.247487
0.318198
0.0353553
0.106066
0.176777
0.247487
0.318198
0.0353553
0.106066
0.176777
0.247487
0.318198
0.0353553
0.106066
0.176777
0.247487
0.318198
0.0353553
0.106066
0.176777
0.247487
0.318198
0.0353553
0.106066
0.176777
0.247487
0.318198
0.0353553
0.106066
0.176777
0.247487
0.318198
0.0353553
0.106066
0.176777
0.247487
0.318198
0.0353553
0.106066
0.176777
0.247487
0.318198
0.0353553
0.106066
0.176777
0.247487
0.318198
0.0353553
0.106066
0.176777
0.247487
0.318198
0.0353553
0.106066
0.176777
0.247487
0.318198
0.0353553
0.106066
0.176777
0.247487
0.318198
0.0353553
0.106066
0.176777
0.247487
0.318198
0.0353553
0.106066
0.176777
0.247487
0.318198
0.0353553
0.106066
0.176777
0.247487
0.318198
0.0353553
0.106066
0.176777
0.247487
0.318198
0.0353553
0.106066
0.176777
0.247487
0.318198
0.0353553
0.106066
0.176777
0.247487
0.318198
0.0353553
0.106066
0.176777
0.247487
0.318198
0.0353553
0.106066
0.176777
0.247487
0.318198
0.0353553
0.106066
0.176777
0.247487
0.318198
0.0353553
0.106066
0.176777
0.247487
0.318198
)
;
    }
    side2
    {
        type            cyclicAMI;
        value           nonuniform List<scalar> 
250
(
0.0353553
0.106066
0.176777
0.247487
0.318198
0.0353553
0.106066
0.176777
0.247487
0.318198
0.0353553
0.106066
0.176777
0.247487
0.318198
0.0353553
0.106066
0.176777
0.247487
0.318198
0.0353553
0.106066
0.176777
0.247487
0.318198
0.0353553
0.106066
0.176777
0.247487
0.318198
0.0353553
0.106066
0.176777
0.247487
0.318198
0.0353553
0.106066
0.176777
0.247487
0.318198
0.0353553
0.106066
0.176777
0.247487
0.318198
0.0353553
0.106066
0.176777
0.247487
0.318198
0.0353553
0.106066
0.176777
0.247487
0.318198
0.0353553
0.106066
0.176777
0.247487
0.318198
0.0353553
0.106066
0.176777
0.247487
0.318198
0.0353553
0.106066
0.176777
0.247487
0.318198
0.0353553
0.106066
0.176777
0.247487
0.318198
0.0353553
0.106066
0.176777
0.247487
0.318198
0.0353553
0.106066
0.176777
0.247487
0.318198
0.0353553
0.106066
0.176777
0.247487
0.318198
0.0353553
0.106066
0.176777
0.247487
0.318198
0.0353553
0.106066
0.176777
0.247487
0.318198
0.0353553
0.106066
0.176777
0.247487
0.318198
0.0353553
0.106066
0.176777
0.247487
0.318198
0.0353553
0.106066
0.176777
0.247487
0.318198
0.0353553
0.106066
0.176777
0.247487
0.318198
0.0353553
0.106066
0.176777
0.247487
0.318198
0.0353553
0.106066
0.176777
0.247487
0.318198
0.0353553
0.106066
0.176777
0.247487
0.318198
0.0353553
0.106066
0.176777
0.247487
0.318198
0.0353553
0.106066
0.176777
0.247487
0.318198
0.0353553
0.106066
0.176777
0.247487
0.318198
0.0353553
0.106066
0.176777
0.247487
0.318198
0.0353553
0.106066
0.176777
0.247487
0.318198
0.0353553
0.106066
0.176777
0.247487
0.318198
0.0353553
0.106066
0.176777
0.247487
0.318198
0.0353553
0.106066
0.176777
0.247487
0.318198
0.0353553
0.106066
0.176777
0.247487
0.318198
0.0353553
0.106066
0.176777
0.247487
0.318198
0.0353553
0.106066
0.176777
0.247487
0.318198
0.0353553
0.106066
0.176777
0.247487
0.318198
0.0353553
0.106066
0.176777
0.247487
0.318198
0.0353553
0.106066
0.176777
0.247487
0.318198
0.0353553
0.106066
0.176777
0.247487
0.318198
0.0353553
0.106066
0.176777
0.247487
0.318198
0.0353553
0.106066
0.176777
0.247487
0.318198
0.0353553
0.106066
0.176777
0.247487
0.318198
0.0353553
0.106066
0.176777
0.247487
0.318198
0.0353553
0.106066
0.176777
0.247487
0.318198
0.0353553
0.106066
0.176777
0.247487
0.318198
0.0353553
0.106066
0.176777
0.247487
0.318198
0.0353553
0.106066
0.176777
0.247487
0.318198
)
;
    }
    walls
    {
        type            calculated;
        value           nonuniform List<scalar> 
250
(
0.399528
0.469674
0.493844
0.469674
0.399528
0.399528
0.469674
0.493844
0.469674
0.399528
0.399528
0.469674
0.493844
0.469674
0.399528
0.399528
0.469674
0.493844
0.469674
0.399528
0.399528
0.469674
0.493844
0.469674
0.399528
0.399528
0.469674
0.493844
0.469674
0.399528
0.399528
0.469674
0.493844
0.469674
0.399528
0.399528
0.469674
0.493844
0.469674
0.399528
0.399528
0.469674
0.493844
0.469674
0.399528
0.399528
0.469674
0.493844
0.469674
0.399528
0.399528
0.469674
0.493844
0.469674
0.399528
0.399528
0.469674
0.493844
0.469674
0.399528
0.399528
0.469674
0.493844
0.469674
0.399528
0.399528
0.469674
0.493844
0.469674
0.399528
0.399528
0.469674
0.493844
0.469674
0.399528
0.399528
0.469674
0.493844
0.469674
0.399528
0.399528
0.469674
0.493844
0.469674
0.399528
0.399528
0.469674
0.493844
0.469674
0.399528
0.399528
0.469674
0.493844
0.469674
0.399528
0.399528
0.469674
0.493844
0.469674
0.399528
0.399528
0.469674
0.493844
0.469674
0.399528
0.399528
0.469674
0.493844
0.469674
0.399528
0.399528
0.469674
0.493844
0.469674
0.399528
0.399528
0.469674
0.493844
0.469674
0.399528
0.399528
0.469674
0.493844
0.469674
0.399528
0.399528
0.469674
0.493844
0.469674
0.399528
0.399528
0.469674
0.493844
0.469674
0.399528
0.399528
0.469674
0.493844
0.469674
0.399528
0.399528
0.469674
0.493844
0.469674
0.399528
0.399528
0.469674
0.493844
0.469674
0.399528
0.399528
0.469674
0.493844
0.469674
0.399528
0.399528
0.469674
0.493844
0.469674
0.399528
0.399528
0.469674
0.493844
0.469674
0.399528
0.399528
0.469674
0.493844
0.469674
0.399528
0.399528
0.469674
0.493844
0.469674
0.399528
0.399528
0.469674
0.493844
0.469674
0.399528
0.399528
0.469674
0.493844
0.469674
0.399528
0.399528
0.469674
0.493844
0.469674
0.399528
0.399528
0.469674
0.493844
0.469674
0.399528
0.399528
0.469674
0.493844
0.469674
0.399528
0.399528
0.469674
0.493844
0.469674
0.399528
0.399528
0.469674
0.493844
0.469674
0.399528
0.399528
0.469674
0.493844
0.469674
0.399528
0.399528
0.469674
0.493844
0.469674
0.399528
0.399528
0.469674
0.493844
0.469674
0.399528
0.399528
0.469674
0.493844
0.469674
0.399528
0.399528
0.469674
0.493844
0.469674
0.399528
0.399528
0.469674
0.493844
0.469674
0.399528
0.399528
0.469674
0.493844
0.469674
0.399528
0.399528
0.469674
0.493844
0.469674
0.399528
)
;
    }
}


// ************************************************************************* //
