/*--------------------------------*- C++ -*----------------------------------*\
| =========                 |                                                 |
| \\      /  F ield         | OpenFOAM: The Open Source CFD Toolbox           |
|  \\    /   O peration     | Version:  v2006                                 |
|   \\  /    A nd           | Website:  www.openfoam.com                      |
|    \\/     M anipulation  |                                                 |
\*---------------------------------------------------------------------------*/
FoamFile
{
    version     2.0;
    format      ascii;
    class       volScalarField;
    location    "227";
    object      Cy;
}
// * * * * * * * * * * * * * * * * * * * * * * * * * * * * * * * * * * * * * //

dimensions      [0 1 0 0 0 0 0];


internalField   nonuniform List<scalar> 
1250
(
-0.0387032
-0.0387032
-0.0387032
-0.0387032
-0.0387032
-0.0387032
-0.0387032
-0.0387032
-0.0387032
-0.0387032
-0.0387032
-0.0387032
-0.0387032
-0.0387032
-0.0387032
-0.0387032
-0.0387032
-0.0387032
-0.0387032
-0.0387032
-0.0387032
-0.0387032
-0.0387032
-0.0387032
-0.0387032
-0.0387032
-0.0387032
-0.0387032
-0.0387032
-0.0387032
-0.0387032
-0.0387032
-0.0387032
-0.0387032
-0.0387032
-0.0387032
-0.0387032
-0.0387032
-0.0387032
-0.0387032
-0.0387032
-0.0387032
-0.0387032
-0.0387032
-0.0387032
-0.0387032
-0.0387032
-0.0387032
-0.0387032
-0.0387032
-0.0203475
-0.0203475
-0.0203475
-0.0203475
-0.0203475
-0.0203475
-0.0203475
-0.0203475
-0.0203475
-0.0203475
-0.0203475
-0.0203475
-0.0203475
-0.0203475
-0.0203475
-0.0203475
-0.0203475
-0.0203475
-0.0203475
-0.0203475
-0.0203475
-0.0203475
-0.0203475
-0.0203475
-0.0203475
-0.0203475
-0.0203475
-0.0203475
-0.0203475
-0.0203475
-0.0203475
-0.0203475
-0.0203475
-0.0203475
-0.0203475
-0.0203475
-0.0203475
-0.0203475
-0.0203475
-0.0203475
-0.0203475
-0.0203475
-0.0203475
-0.0203475
-0.0203475
-0.0203475
-0.0203475
-0.0203475
-0.0203475
-0.0203475
2.604e-08
2.604e-08
2.604e-08
2.604e-08
2.604e-08
2.604e-08
2.604e-08
2.604e-08
2.604e-08
2.604e-08
2.604e-08
2.604e-08
2.604e-08
2.604e-08
2.604e-08
2.604e-08
2.604e-08
2.604e-08
2.604e-08
2.604e-08
2.604e-08
2.604e-08
2.604e-08
2.604e-08
2.604e-08
2.604e-08
2.604e-08
2.604e-08
2.604e-08
2.604e-08
2.604e-08
2.604e-08
2.604e-08
2.604e-08
2.604e-08
2.604e-08
2.604e-08
2.604e-08
2.604e-08
2.604e-08
2.604e-08
2.604e-08
2.604e-08
2.604e-08
2.604e-08
2.604e-08
2.604e-08
2.604e-08
2.604e-08
2.604e-08
0.0203475
0.0203475
0.0203475
0.0203475
0.0203475
0.0203475
0.0203475
0.0203475
0.0203475
0.0203475
0.0203475
0.0203475
0.0203475
0.0203475
0.0203475
0.0203475
0.0203475
0.0203475
0.0203475
0.0203475
0.0203475
0.0203475
0.0203475
0.0203475
0.0203475
0.0203475
0.0203475
0.0203475
0.0203475
0.0203475
0.0203475
0.0203475
0.0203475
0.0203475
0.0203475
0.0203475
0.0203475
0.0203475
0.0203475
0.0203475
0.0203475
0.0203475
0.0203475
0.0203475
0.0203475
0.0203475
0.0203475
0.0203475
0.0203475
0.0203475
0.0387032
0.0387032
0.0387032
0.0387032
0.0387032
0.0387032
0.0387032
0.0387032
0.0387032
0.0387032
0.0387032
0.0387032
0.0387032
0.0387032
0.0387032
0.0387032
0.0387032
0.0387032
0.0387032
0.0387032
0.0387032
0.0387032
0.0387032
0.0387032
0.0387032
0.0387032
0.0387032
0.0387032
0.0387032
0.0387032
0.0387032
0.0387032
0.0387032
0.0387032
0.0387032
0.0387032
0.0387032
0.0387032
0.0387032
0.0387032
0.0387032
0.0387032
0.0387032
0.0387032
0.0387032
0.0387032
0.0387032
0.0387032
0.0387032
0.0387032
-0.0903075
-0.0903075
-0.0903075
-0.0903075
-0.0903075
-0.0903075
-0.0903075
-0.0903075
-0.0903075
-0.0903075
-0.0903075
-0.0903075
-0.0903075
-0.0903075
-0.0903075
-0.0903075
-0.0903075
-0.0903075
-0.0903075
-0.0903075
-0.0903075
-0.0903075
-0.0903075
-0.0903075
-0.0903075
-0.0903075
-0.0903075
-0.0903075
-0.0903075
-0.0903075
-0.0903075
-0.0903075
-0.0903075
-0.0903075
-0.0903075
-0.0903075
-0.0903075
-0.0903075
-0.0903075
-0.0903075
-0.0903075
-0.0903075
-0.0903075
-0.0903075
-0.0903075
-0.0903075
-0.0903075
-0.0903075
-0.0903075
-0.0903075
-0.0474774
-0.0474774
-0.0474774
-0.0474774
-0.0474774
-0.0474774
-0.0474774
-0.0474774
-0.0474774
-0.0474774
-0.0474774
-0.0474774
-0.0474774
-0.0474774
-0.0474774
-0.0474774
-0.0474774
-0.0474774
-0.0474774
-0.0474774
-0.0474774
-0.0474774
-0.0474774
-0.0474774
-0.0474774
-0.0474774
-0.0474774
-0.0474774
-0.0474774
-0.0474774
-0.0474774
-0.0474774
-0.0474774
-0.0474774
-0.0474774
-0.0474774
-0.0474774
-0.0474774
-0.0474774
-0.0474774
-0.0474774
-0.0474774
-0.0474774
-0.0474774
-0.0474774
-0.0474774
-0.0474774
-0.0474774
-0.0474774
-0.0474774
6.076e-08
6.076e-08
6.076e-08
6.076e-08
6.076e-08
6.076e-08
6.076e-08
6.076e-08
6.076e-08
6.076e-08
6.076e-08
6.076e-08
6.076e-08
6.076e-08
6.076e-08
6.076e-08
6.076e-08
6.076e-08
6.076e-08
6.076e-08
6.076e-08
6.076e-08
6.076e-08
6.076e-08
6.076e-08
6.076e-08
6.076e-08
6.076e-08
6.076e-08
6.076e-08
6.076e-08
6.076e-08
6.076e-08
6.076e-08
6.076e-08
6.076e-08
6.076e-08
6.076e-08
6.076e-08
6.076e-08
6.076e-08
6.076e-08
6.076e-08
6.076e-08
6.076e-08
6.076e-08
6.076e-08
6.076e-08
6.076e-08
6.076e-08
0.0474775
0.0474775
0.0474775
0.0474775
0.0474775
0.0474775
0.0474775
0.0474775
0.0474775
0.0474775
0.0474775
0.0474775
0.0474775
0.0474775
0.0474775
0.0474775
0.0474775
0.0474775
0.0474775
0.0474775
0.0474775
0.0474775
0.0474775
0.0474775
0.0474775
0.0474775
0.0474775
0.0474775
0.0474775
0.0474775
0.0474775
0.0474775
0.0474775
0.0474775
0.0474775
0.0474775
0.0474775
0.0474775
0.0474775
0.0474775
0.0474775
0.0474775
0.0474775
0.0474775
0.0474775
0.0474775
0.0474775
0.0474775
0.0474775
0.0474775
0.0903076
0.0903076
0.0903076
0.0903076
0.0903076
0.0903076
0.0903076
0.0903076
0.0903076
0.0903076
0.0903076
0.0903076
0.0903076
0.0903076
0.0903076
0.0903076
0.0903076
0.0903076
0.0903076
0.0903076
0.0903076
0.0903076
0.0903076
0.0903076
0.0903076
0.0903076
0.0903076
0.0903076
0.0903076
0.0903076
0.0903076
0.0903076
0.0903076
0.0903076
0.0903076
0.0903076
0.0903076
0.0903076
0.0903076
0.0903076
0.0903076
0.0903076
0.0903076
0.0903076
0.0903076
0.0903076
0.0903076
0.0903076
0.0903076
0.0903076
-0.147072
-0.147072
-0.147072
-0.147072
-0.147072
-0.147072
-0.147072
-0.147072
-0.147072
-0.147072
-0.147072
-0.147072
-0.147072
-0.147072
-0.147072
-0.147072
-0.147072
-0.147072
-0.147072
-0.147072
-0.147072
-0.147072
-0.147072
-0.147072
-0.147072
-0.147072
-0.147072
-0.147072
-0.147072
-0.147072
-0.147072
-0.147072
-0.147072
-0.147072
-0.147072
-0.147072
-0.147072
-0.147072
-0.147072
-0.147072
-0.147072
-0.147072
-0.147072
-0.147072
-0.147072
-0.147072
-0.147072
-0.147072
-0.147072
-0.147072
-0.0773204
-0.0773204
-0.0773204
-0.0773204
-0.0773204
-0.0773204
-0.0773204
-0.0773204
-0.0773204
-0.0773204
-0.0773204
-0.0773204
-0.0773204
-0.0773204
-0.0773204
-0.0773204
-0.0773204
-0.0773204
-0.0773204
-0.0773204
-0.0773204
-0.0773204
-0.0773204
-0.0773204
-0.0773204
-0.0773204
-0.0773204
-0.0773204
-0.0773204
-0.0773204
-0.0773204
-0.0773204
-0.0773204
-0.0773204
-0.0773204
-0.0773204
-0.0773204
-0.0773204
-0.0773204
-0.0773204
-0.0773204
-0.0773204
-0.0773204
-0.0773204
-0.0773204
-0.0773204
-0.0773204
-0.0773204
-0.0773204
-0.0773204
9.89493e-08
9.89493e-08
9.89493e-08
9.89493e-08
9.89493e-08
9.89493e-08
9.89493e-08
9.89493e-08
9.89493e-08
9.89493e-08
9.89493e-08
9.89493e-08
9.89493e-08
9.89493e-08
9.89493e-08
9.89493e-08
9.89493e-08
9.89493e-08
9.89493e-08
9.89493e-08
9.89493e-08
9.89493e-08
9.89493e-08
9.89493e-08
9.89493e-08
9.89493e-08
9.89493e-08
9.89493e-08
9.89493e-08
9.89493e-08
9.89493e-08
9.89493e-08
9.89493e-08
9.89493e-08
9.89493e-08
9.89493e-08
9.89493e-08
9.89493e-08
9.89493e-08
9.89493e-08
9.89493e-08
9.89493e-08
9.89493e-08
9.89493e-08
9.89493e-08
9.89493e-08
9.89493e-08
9.89493e-08
9.89493e-08
9.89493e-08
0.0773206
0.0773206
0.0773206
0.0773206
0.0773206
0.0773206
0.0773206
0.0773206
0.0773206
0.0773206
0.0773206
0.0773206
0.0773206
0.0773206
0.0773206
0.0773206
0.0773206
0.0773206
0.0773206
0.0773206
0.0773206
0.0773206
0.0773206
0.0773206
0.0773206
0.0773206
0.0773206
0.0773206
0.0773206
0.0773206
0.0773206
0.0773206
0.0773206
0.0773206
0.0773206
0.0773206
0.0773206
0.0773206
0.0773206
0.0773206
0.0773206
0.0773206
0.0773206
0.0773206
0.0773206
0.0773206
0.0773206
0.0773206
0.0773206
0.0773206
0.147072
0.147072
0.147072
0.147072
0.147072
0.147072
0.147072
0.147072
0.147072
0.147072
0.147072
0.147072
0.147072
0.147072
0.147072
0.147072
0.147072
0.147072
0.147072
0.147072
0.147072
0.147072
0.147072
0.147072
0.147072
0.147072
0.147072
0.147072
0.147072
0.147072
0.147072
0.147072
0.147072
0.147072
0.147072
0.147072
0.147072
0.147072
0.147072
0.147072
0.147072
0.147072
0.147072
0.147072
0.147072
0.147072
0.147072
0.147072
0.147072
0.147072
-0.204574
-0.204574
-0.204574
-0.204574
-0.204574
-0.204574
-0.204574
-0.204574
-0.204574
-0.204574
-0.204574
-0.204574
-0.204574
-0.204574
-0.204574
-0.204574
-0.204574
-0.204574
-0.204574
-0.204574
-0.204574
-0.204574
-0.204574
-0.204574
-0.204574
-0.204574
-0.204574
-0.204574
-0.204574
-0.204574
-0.204574
-0.204574
-0.204574
-0.204574
-0.204574
-0.204574
-0.204574
-0.204574
-0.204574
-0.204574
-0.204574
-0.204574
-0.204574
-0.204574
-0.204574
-0.204574
-0.204574
-0.204574
-0.204574
-0.204574
-0.107551
-0.107551
-0.107551
-0.107551
-0.107551
-0.107551
-0.107551
-0.107551
-0.107551
-0.107551
-0.107551
-0.107551
-0.107551
-0.107551
-0.107551
-0.107551
-0.107551
-0.107551
-0.107551
-0.107551
-0.107551
-0.107551
-0.107551
-0.107551
-0.107551
-0.107551
-0.107551
-0.107551
-0.107551
-0.107551
-0.107551
-0.107551
-0.107551
-0.107551
-0.107551
-0.107551
-0.107551
-0.107551
-0.107551
-0.107551
-0.107551
-0.107551
-0.107551
-0.107551
-0.107551
-0.107551
-0.107551
-0.107551
-0.107551
-0.107551
1.37635e-07
1.37635e-07
1.37635e-07
1.37635e-07
1.37635e-07
1.37635e-07
1.37635e-07
1.37635e-07
1.37635e-07
1.37635e-07
1.37635e-07
1.37635e-07
1.37635e-07
1.37635e-07
1.37635e-07
1.37635e-07
1.37635e-07
1.37635e-07
1.37635e-07
1.37635e-07
1.37635e-07
1.37635e-07
1.37635e-07
1.37635e-07
1.37635e-07
1.37635e-07
1.37635e-07
1.37635e-07
1.37635e-07
1.37635e-07
1.37635e-07
1.37635e-07
1.37635e-07
1.37635e-07
1.37635e-07
1.37635e-07
1.37635e-07
1.37635e-07
1.37635e-07
1.37635e-07
1.37635e-07
1.37635e-07
1.37635e-07
1.37635e-07
1.37635e-07
1.37635e-07
1.37635e-07
1.37635e-07
1.37635e-07
1.37635e-07
0.107551
0.107551
0.107551
0.107551
0.107551
0.107551
0.107551
0.107551
0.107551
0.107551
0.107551
0.107551
0.107551
0.107551
0.107551
0.107551
0.107551
0.107551
0.107551
0.107551
0.107551
0.107551
0.107551
0.107551
0.107551
0.107551
0.107551
0.107551
0.107551
0.107551
0.107551
0.107551
0.107551
0.107551
0.107551
0.107551
0.107551
0.107551
0.107551
0.107551
0.107551
0.107551
0.107551
0.107551
0.107551
0.107551
0.107551
0.107551
0.107551
0.107551
0.204574
0.204574
0.204574
0.204574
0.204574
0.204574
0.204574
0.204574
0.204574
0.204574
0.204574
0.204574
0.204574
0.204574
0.204574
0.204574
0.204574
0.204574
0.204574
0.204574
0.204574
0.204574
0.204574
0.204574
0.204574
0.204574
0.204574
0.204574
0.204574
0.204574
0.204574
0.204574
0.204574
0.204574
0.204574
0.204574
0.204574
0.204574
0.204574
0.204574
0.204574
0.204574
0.204574
0.204574
0.204574
0.204574
0.204574
0.204574
0.204574
0.204574
-0.262322
-0.262322
-0.262322
-0.262322
-0.262322
-0.262322
-0.262322
-0.262322
-0.262322
-0.262322
-0.262322
-0.262322
-0.262322
-0.262322
-0.262322
-0.262322
-0.262322
-0.262322
-0.262322
-0.262322
-0.262322
-0.262322
-0.262322
-0.262322
-0.262322
-0.262322
-0.262322
-0.262322
-0.262322
-0.262322
-0.262322
-0.262322
-0.262322
-0.262322
-0.262322
-0.262322
-0.262322
-0.262322
-0.262322
-0.262322
-0.262322
-0.262322
-0.262322
-0.262322
-0.262322
-0.262322
-0.262322
-0.262322
-0.262322
-0.262322
-0.137911
-0.137911
-0.137911
-0.137911
-0.137911
-0.137911
-0.137911
-0.137911
-0.137911
-0.137911
-0.137911
-0.137911
-0.137911
-0.137911
-0.137911
-0.137911
-0.137911
-0.137911
-0.137911
-0.137911
-0.137911
-0.137911
-0.137911
-0.137911
-0.137911
-0.137911
-0.137911
-0.137911
-0.137911
-0.137911
-0.137911
-0.137911
-0.137911
-0.137911
-0.137911
-0.137911
-0.137911
-0.137911
-0.137911
-0.137911
-0.137911
-0.137911
-0.137911
-0.137911
-0.137911
-0.137911
-0.137911
-0.137911
-0.137911
-0.137911
1.76491e-07
1.76491e-07
1.76491e-07
1.76491e-07
1.76491e-07
1.76491e-07
1.76491e-07
1.76491e-07
1.76491e-07
1.76491e-07
1.76491e-07
1.76491e-07
1.76491e-07
1.76491e-07
1.76491e-07
1.76491e-07
1.76491e-07
1.76491e-07
1.76491e-07
1.76491e-07
1.76491e-07
1.76491e-07
1.76491e-07
1.76491e-07
1.76491e-07
1.76491e-07
1.76491e-07
1.76491e-07
1.76491e-07
1.76491e-07
1.76491e-07
1.76491e-07
1.76491e-07
1.76491e-07
1.76491e-07
1.76491e-07
1.76491e-07
1.76491e-07
1.76491e-07
1.76491e-07
1.76491e-07
1.76491e-07
1.76491e-07
1.76491e-07
1.76491e-07
1.76491e-07
1.76491e-07
1.76491e-07
1.76491e-07
1.76491e-07
0.137911
0.137911
0.137911
0.137911
0.137911
0.137911
0.137911
0.137911
0.137911
0.137911
0.137911
0.137911
0.137911
0.137911
0.137911
0.137911
0.137911
0.137911
0.137911
0.137911
0.137911
0.137911
0.137911
0.137911
0.137911
0.137911
0.137911
0.137911
0.137911
0.137911
0.137911
0.137911
0.137911
0.137911
0.137911
0.137911
0.137911
0.137911
0.137911
0.137911
0.137911
0.137911
0.137911
0.137911
0.137911
0.137911
0.137911
0.137911
0.137911
0.137911
0.262322
0.262322
0.262322
0.262322
0.262322
0.262322
0.262322
0.262322
0.262322
0.262322
0.262322
0.262322
0.262322
0.262322
0.262322
0.262322
0.262322
0.262322
0.262322
0.262322
0.262322
0.262322
0.262322
0.262322
0.262322
0.262322
0.262322
0.262322
0.262322
0.262322
0.262322
0.262322
0.262322
0.262322
0.262322
0.262322
0.262322
0.262322
0.262322
0.262322
0.262322
0.262322
0.262322
0.262322
0.262322
0.262322
0.262322
0.262322
0.262322
0.262322
)
;

boundaryField
{
    inlet
    {
        type            calculated;
        value           nonuniform List<scalar> 
25
(
-0.0387032
-0.0203475
2.604e-08
0.0203475
0.0387032
-0.0903075
-0.0474774
6.076e-08
0.0474775
0.0903076
-0.147072
-0.0773204
9.89493e-08
0.0773206
0.147072
-0.204574
-0.107551
1.37635e-07
0.107551
0.204574
-0.262322
-0.137911
1.76491e-07
0.137911
0.262322
)
;
    }
    outlet
    {
        type            calculated;
        value           nonuniform List<scalar> 
25
(
-0.0387032
-0.0203475
2.604e-08
0.0203475
0.0387032
-0.0903075
-0.0474774
6.076e-08
0.0474775
0.0903076
-0.147072
-0.0773204
9.89493e-08
0.0773206
0.147072
-0.204574
-0.107551
1.37635e-07
0.107551
0.204574
-0.262322
-0.137911
1.76491e-07
0.137911
0.262322
)
;
    }
    side1
    {
        type            cyclicAMI;
        value           nonuniform List<scalar> 
250
(
-0.0353553
-0.106066
-0.176777
-0.247487
-0.318198
-0.0353553
-0.106066
-0.176777
-0.247487
-0.318198
-0.0353553
-0.106066
-0.176777
-0.247487
-0.318198
-0.0353553
-0.106066
-0.176776
-0.247487
-0.318198
-0.0353553
-0.106066
-0.176777
-0.247487
-0.318198
-0.0353553
-0.106066
-0.176776
-0.247487
-0.318198
-0.0353553
-0.106066
-0.176777
-0.247487
-0.318198
-0.0353553
-0.106066
-0.176777
-0.247487
-0.318198
-0.0353553
-0.106066
-0.176776
-0.247487
-0.318198
-0.0353553
-0.106066
-0.176777
-0.247487
-0.318198
-0.0353553
-0.106066
-0.176777
-0.247487
-0.318198
-0.0353553
-0.106066
-0.176777
-0.247487
-0.318198
-0.0353553
-0.106066
-0.176777
-0.247487
-0.318198
-0.0353553
-0.106066
-0.176777
-0.247487
-0.318198
-0.0353553
-0.106066
-0.176777
-0.247487
-0.318198
-0.0353553
-0.106066
-0.176777
-0.247487
-0.318198
-0.0353553
-0.106066
-0.176777
-0.247487
-0.318198
-0.0353553
-0.106066
-0.176777
-0.247487
-0.318198
-0.0353553
-0.106066
-0.176777
-0.247487
-0.318198
-0.0353553
-0.106066
-0.176777
-0.247487
-0.318198
-0.0353553
-0.106066
-0.176777
-0.247487
-0.318198
-0.0353553
-0.106066
-0.176777
-0.247487
-0.318198
-0.0353553
-0.106066
-0.176777
-0.247487
-0.318198
-0.0353553
-0.106066
-0.176777
-0.247487
-0.318198
-0.0353553
-0.106066
-0.176777
-0.247487
-0.318198
-0.0353553
-0.106066
-0.176777
-0.247487
-0.318198
-0.0353553
-0.106066
-0.176777
-0.247487
-0.318198
-0.0353553
-0.106066
-0.176777
-0.247487
-0.318198
-0.0353553
-0.106066
-0.176777
-0.247487
-0.318198
-0.0353553
-0.106066
-0.176777
-0.247487
-0.318198
-0.0353553
-0.106066
-0.176777
-0.247487
-0.318198
-0.0353553
-0.106066
-0.176777
-0.247487
-0.318198
-0.0353553
-0.106066
-0.176777
-0.247487
-0.318198
-0.0353553
-0.106066
-0.176777
-0.247487
-0.318198
-0.0353553
-0.106066
-0.176777
-0.247487
-0.318198
-0.0353553
-0.106066
-0.176777
-0.247487
-0.318198
-0.0353553
-0.106066
-0.176777
-0.247487
-0.318198
-0.0353553
-0.106066
-0.176777
-0.247487
-0.318198
-0.0353553
-0.106066
-0.176777
-0.247487
-0.318198
-0.0353553
-0.106066
-0.176777
-0.247487
-0.318198
-0.0353553
-0.106066
-0.176777
-0.247487
-0.318198
-0.0353553
-0.106066
-0.176777
-0.247487
-0.318198
-0.0353553
-0.106066
-0.176777
-0.247487
-0.318198
-0.0353553
-0.106066
-0.176776
-0.247487
-0.318198
-0.0353553
-0.106066
-0.176777
-0.247487
-0.318198
-0.0353553
-0.106066
-0.176777
-0.247487
-0.318198
-0.0353553
-0.106066
-0.176777
-0.247487
-0.318198
-0.0353553
-0.106066
-0.176777
-0.247487
-0.318198
-0.0353553
-0.106066
-0.176776
-0.247487
-0.318198
-0.0353553
-0.106066
-0.176777
-0.247487
-0.318198
)
;
    }
    side2
    {
        type            cyclicAMI;
        value           nonuniform List<scalar> 
250
(
0.0353553
0.106066
0.176777
0.247487
0.318198
0.0353553
0.106066
0.176777
0.247487
0.318198
0.0353553
0.106066
0.176777
0.247487
0.318198
0.0353553
0.106066
0.176777
0.247487
0.318198
0.0353553
0.106066
0.176777
0.247487
0.318198
0.0353553
0.106066
0.176777
0.247487
0.318198
0.0353553
0.106066
0.176777
0.247487
0.318198
0.0353553
0.106066
0.176777
0.247487
0.318198
0.0353553
0.106066
0.176777
0.247487
0.318198
0.0353553
0.106066
0.176777
0.247487
0.318198
0.0353553
0.106066
0.176777
0.247487
0.318198
0.0353553
0.106066
0.176777
0.247487
0.318198
0.0353553
0.106066
0.176777
0.247487
0.318198
0.0353553
0.106066
0.176777
0.247487
0.318198
0.0353553
0.106066
0.176777
0.247487
0.318198
0.0353553
0.106066
0.176777
0.247487
0.318198
0.0353553
0.106066
0.176777
0.247487
0.318198
0.0353553
0.106066
0.176777
0.247487
0.318198
0.0353553
0.106066
0.176777
0.247487
0.318198
0.0353553
0.106066
0.176777
0.247487
0.318198
0.0353553
0.106066
0.176777
0.247487
0.318198
0.0353553
0.106066
0.176777
0.247487
0.318198
0.0353553
0.106066
0.176777
0.247487
0.318198
0.0353553
0.106066
0.176777
0.247487
0.318198
0.0353553
0.106066
0.176777
0.247487
0.318198
0.0353553
0.106066
0.176777
0.247487
0.318198
0.0353553
0.106066
0.176777
0.247487
0.318198
0.0353553
0.106066
0.176777
0.247487
0.318198
0.0353553
0.106066
0.176777
0.247487
0.318198
0.0353553
0.106066
0.176777
0.247487
0.318198
0.0353553
0.106066
0.176777
0.247487
0.318198
0.0353553
0.106066
0.176777
0.247487
0.318198
0.0353553
0.106066
0.176777
0.247487
0.318198
0.0353553
0.106066
0.176777
0.247487
0.318198
0.0353553
0.106066
0.176777
0.247487
0.318198
0.0353553
0.106066
0.176777
0.247487
0.318198
0.0353553
0.106066
0.176777
0.247487
0.318198
0.0353553
0.106066
0.176777
0.247487
0.318198
0.0353553
0.106066
0.176777
0.247487
0.318198
0.0353553
0.106066
0.176777
0.247487
0.318198
0.0353553
0.106066
0.176777
0.247487
0.318198
0.0353553
0.106066
0.176777
0.247487
0.318198
0.0353553
0.106066
0.176777
0.247487
0.318198
0.0353553
0.106066
0.176777
0.247487
0.318198
0.0353553
0.106066
0.176777
0.247487
0.318198
0.0353553
0.106066
0.176777
0.247487
0.318198
0.0353553
0.106066
0.176777
0.247487
0.318198
0.0353553
0.106066
0.176777
0.247487
0.318198
0.0353553
0.106066
0.176777
0.247487
0.318198
0.0353553
0.106066
0.176777
0.247487
0.318198
)
;
    }
    walls
    {
        type            calculated;
        value           nonuniform List<scalar> 
250
(
-0.290274
-0.152606
1.953e-07
0.152606
0.290274
-0.290274
-0.152606
1.953e-07
0.152606
0.290274
-0.290274
-0.152606
1.953e-07
0.152606
0.290274
-0.290274
-0.152606
1.953e-07
0.152606
0.290274
-0.290274
-0.152606
1.953e-07
0.152606
0.290274
-0.290274
-0.152606
1.953e-07
0.152606
0.290274
-0.290274
-0.152606
1.953e-07
0.152606
0.290274
-0.290274
-0.152606
1.953e-07
0.152606
0.290274
-0.290274
-0.152606
1.953e-07
0.152606
0.290274
-0.290274
-0.152606
1.953e-07
0.152606
0.290274
-0.290274
-0.152606
1.953e-07
0.152606
0.290274
-0.290274
-0.152606
1.953e-07
0.152606
0.290274
-0.290274
-0.152606
1.953e-07
0.152606
0.290274
-0.290274
-0.152606
1.953e-07
0.152606
0.290274
-0.290274
-0.152606
1.953e-07
0.152606
0.290274
-0.290274
-0.152606
1.953e-07
0.152606
0.290274
-0.290274
-0.152606
1.953e-07
0.152606
0.290274
-0.290274
-0.152606
1.953e-07
0.152606
0.290274
-0.290274
-0.152606
1.953e-07
0.152606
0.290274
-0.290274
-0.152606
1.953e-07
0.152606
0.290274
-0.290274
-0.152606
1.953e-07
0.152606
0.290274
-0.290274
-0.152606
1.953e-07
0.152606
0.290274
-0.290274
-0.152606
1.953e-07
0.152606
0.290274
-0.290274
-0.152606
1.953e-07
0.152606
0.290274
-0.290274
-0.152606
1.953e-07
0.152606
0.290274
-0.290274
-0.152606
1.953e-07
0.152606
0.290274
-0.290274
-0.152606
1.953e-07
0.152606
0.290274
-0.290274
-0.152606
1.953e-07
0.152606
0.290274
-0.290274
-0.152606
1.953e-07
0.152606
0.290274
-0.290274
-0.152606
1.953e-07
0.152606
0.290274
-0.290274
-0.152606
1.953e-07
0.152606
0.290274
-0.290274
-0.152606
1.953e-07
0.152606
0.290274
-0.290274
-0.152606
1.953e-07
0.152606
0.290274
-0.290274
-0.152606
1.953e-07
0.152606
0.290274
-0.290274
-0.152606
1.953e-07
0.152606
0.290274
-0.290274
-0.152606
1.953e-07
0.152606
0.290274
-0.290274
-0.152606
1.953e-07
0.152606
0.290274
-0.290274
-0.152606
1.953e-07
0.152606
0.290274
-0.290274
-0.152606
1.953e-07
0.152606
0.290274
-0.290274
-0.152606
1.953e-07
0.152606
0.290274
-0.290274
-0.152606
1.953e-07
0.152606
0.290274
-0.290274
-0.152606
1.953e-07
0.152606
0.290274
-0.290274
-0.152606
1.953e-07
0.152606
0.290274
-0.290274
-0.152606
1.953e-07
0.152606
0.290274
-0.290274
-0.152606
1.953e-07
0.152606
0.290274
-0.290274
-0.152606
1.953e-07
0.152606
0.290274
-0.290274
-0.152606
1.953e-07
0.152606
0.290274
-0.290274
-0.152606
1.953e-07
0.152606
0.290274
-0.290274
-0.152606
1.953e-07
0.152606
0.290274
-0.290274
-0.152606
1.953e-07
0.152606
0.290274
)
;
    }
}


// ************************************************************************* //
