/*--------------------------------*- C++ -*----------------------------------*\
| =========                 |                                                 |
| \\      /  F ield         | OpenFOAM: The Open Source CFD Toolbox           |
|  \\    /   O peration     | Version:  v2006                                 |
|   \\  /    A nd           | Website:  www.openfoam.com                      |
|    \\/     M anipulation  |                                                 |
\*---------------------------------------------------------------------------*/
FoamFile
{
    version     2.0;
    format      ascii;
    class       volScalarField;
    location    "227";
    object      momentum:cyl_z;
}
// * * * * * * * * * * * * * * * * * * * * * * * * * * * * * * * * * * * * * //

dimensions      [0 1 0 0 0 0 0];


internalField   nonuniform List<scalar> 
1250
(
0.1
0.3
0.5
0.7
0.9
1.1
1.3
1.5
1.7
1.9
2.1
2.3
2.5
2.7
2.9
3.1
3.3
3.5
3.7
3.9
4.1
4.3
4.5
4.7
4.9
5.1
5.3
5.5
5.7
5.9
6.1
6.3
6.5
6.7
6.9
7.1
7.3
7.5
7.7
7.9
8.1
8.3
8.5
8.7
8.9
9.1
9.3
9.5
9.7
9.9
0.1
0.3
0.5
0.7
0.9
1.1
1.3
1.5
1.7
1.9
2.1
2.3
2.5
2.7
2.9
3.1
3.3
3.5
3.7
3.9
4.1
4.3
4.5
4.7
4.9
5.1
5.3
5.5
5.7
5.9
6.1
6.3
6.5
6.7
6.9
7.1
7.3
7.5
7.7
7.9
8.1
8.3
8.5
8.7
8.9
9.1
9.3
9.5
9.7
9.9
0.1
0.3
0.5
0.7
0.9
1.1
1.3
1.5
1.7
1.9
2.1
2.3
2.5
2.7
2.9
3.1
3.3
3.5
3.7
3.9
4.1
4.3
4.5
4.7
4.9
5.1
5.3
5.5
5.7
5.9
6.1
6.3
6.5
6.7
6.9
7.1
7.3
7.5
7.7
7.9
8.1
8.3
8.5
8.7
8.9
9.1
9.3
9.5
9.7
9.9
0.1
0.3
0.5
0.7
0.9
1.1
1.3
1.5
1.7
1.9
2.1
2.3
2.5
2.7
2.9
3.1
3.3
3.5
3.7
3.9
4.1
4.3
4.5
4.7
4.9
5.1
5.3
5.5
5.7
5.9
6.1
6.3
6.5
6.7
6.9
7.1
7.3
7.5
7.7
7.9
8.1
8.3
8.5
8.7
8.9
9.1
9.3
9.5
9.7
9.9
0.1
0.3
0.5
0.7
0.9
1.1
1.3
1.5
1.7
1.9
2.1
2.3
2.5
2.7
2.9
3.1
3.3
3.5
3.7
3.9
4.1
4.3
4.5
4.7
4.9
5.1
5.3
5.5
5.7
5.9
6.1
6.3
6.5
6.7
6.9
7.1
7.3
7.5
7.7
7.9
8.1
8.3
8.5
8.7
8.9
9.1
9.3
9.5
9.7
9.9
0.1
0.3
0.5
0.7
0.9
1.1
1.3
1.5
1.7
1.9
2.1
2.3
2.5
2.7
2.9
3.1
3.3
3.5
3.7
3.9
4.1
4.3
4.5
4.7
4.9
5.1
5.3
5.5
5.7
5.9
6.1
6.3
6.5
6.7
6.9
7.1
7.3
7.5
7.7
7.9
8.1
8.3
8.5
8.7
8.9
9.1
9.3
9.5
9.7
9.9
0.1
0.3
0.5
0.7
0.9
1.1
1.3
1.5
1.7
1.9
2.1
2.3
2.5
2.7
2.9
3.1
3.3
3.5
3.7
3.9
4.1
4.3
4.5
4.7
4.9
5.1
5.3
5.5
5.7
5.9
6.1
6.3
6.5
6.7
6.9
7.1
7.3
7.5
7.7
7.9
8.1
8.3
8.5
8.7
8.9
9.1
9.3
9.5
9.7
9.9
0.1
0.3
0.5
0.7
0.9
1.1
1.3
1.5
1.7
1.9
2.1
2.3
2.5
2.7
2.9
3.1
3.3
3.5
3.7
3.9
4.1
4.3
4.5
4.7
4.9
5.1
5.3
5.5
5.7
5.9
6.1
6.3
6.5
6.7
6.9
7.1
7.3
7.5
7.7
7.9
8.1
8.3
8.5
8.7
8.9
9.1
9.3
9.5
9.7
9.9
0.1
0.3
0.5
0.7
0.9
1.1
1.3
1.5
1.7
1.9
2.1
2.3
2.5
2.7
2.9
3.1
3.3
3.5
3.7
3.9
4.1
4.3
4.5
4.7
4.9
5.1
5.3
5.5
5.7
5.9
6.1
6.3
6.5
6.7
6.9
7.1
7.3
7.5
7.7
7.9
8.1
8.3
8.5
8.7
8.9
9.1
9.3
9.5
9.7
9.9
0.1
0.3
0.5
0.7
0.9
1.1
1.3
1.5
1.7
1.9
2.1
2.3
2.5
2.7
2.9
3.1
3.3
3.5
3.7
3.9
4.1
4.3
4.5
4.7
4.9
5.1
5.3
5.5
5.7
5.9
6.1
6.3
6.5
6.7
6.9
7.1
7.3
7.5
7.7
7.9
8.1
8.3
8.5
8.7
8.9
9.1
9.3
9.5
9.7
9.9
0.1
0.3
0.5
0.7
0.9
1.1
1.3
1.5
1.7
1.9
2.1
2.3
2.5
2.7
2.9
3.1
3.3
3.5
3.7
3.9
4.1
4.3
4.5
4.7
4.9
5.1
5.3
5.5
5.7
5.9
6.1
6.3
6.5
6.7
6.9
7.1
7.3
7.5
7.7
7.9
8.1
8.3
8.5
8.7
8.9
9.1
9.3
9.5
9.7
9.9
0.1
0.3
0.5
0.7
0.9
1.1
1.3
1.5
1.7
1.9
2.1
2.3
2.5
2.7
2.9
3.1
3.3
3.5
3.7
3.9
4.1
4.3
4.5
4.7
4.9
5.1
5.3
5.5
5.7
5.9
6.1
6.3
6.5
6.7
6.9
7.1
7.3
7.5
7.7
7.9
8.1
8.3
8.5
8.7
8.9
9.1
9.3
9.5
9.7
9.9
0.1
0.3
0.5
0.7
0.9
1.1
1.3
1.5
1.7
1.9
2.1
2.3
2.5
2.7
2.9
3.1
3.3
3.5
3.7
3.9
4.1
4.3
4.5
4.7
4.9
5.1
5.3
5.5
5.7
5.9
6.1
6.3
6.5
6.7
6.9
7.1
7.3
7.5
7.7
7.9
8.1
8.3
8.5
8.7
8.9
9.1
9.3
9.5
9.7
9.9
0.1
0.3
0.5
0.7
0.9
1.1
1.3
1.5
1.7
1.9
2.1
2.3
2.5
2.7
2.9
3.1
3.3
3.5
3.7
3.9
4.1
4.3
4.5
4.7
4.9
5.1
5.3
5.5
5.7
5.9
6.1
6.3
6.5
6.7
6.9
7.1
7.3
7.5
7.7
7.9
8.1
8.3
8.5
8.7
8.9
9.1
9.3
9.5
9.7
9.9
0.1
0.3
0.5
0.7
0.9
1.1
1.3
1.5
1.7
1.9
2.1
2.3
2.5
2.7
2.9
3.1
3.3
3.5
3.7
3.9
4.1
4.3
4.5
4.7
4.9
5.1
5.3
5.5
5.7
5.9
6.1
6.3
6.5
6.7
6.9
7.1
7.3
7.5
7.7
7.9
8.1
8.3
8.5
8.7
8.9
9.1
9.3
9.5
9.7
9.9
0.1
0.3
0.5
0.7
0.9
1.1
1.3
1.5
1.7
1.9
2.1
2.3
2.5
2.7
2.9
3.1
3.3
3.5
3.7
3.9
4.1
4.3
4.5
4.7
4.9
5.1
5.3
5.5
5.7
5.9
6.1
6.3
6.5
6.7
6.9
7.1
7.3
7.5
7.7
7.9
8.1
8.3
8.5
8.7
8.9
9.1
9.3
9.5
9.7
9.9
0.1
0.3
0.5
0.7
0.9
1.1
1.3
1.5
1.7
1.9
2.1
2.3
2.5
2.7
2.9
3.1
3.3
3.5
3.7
3.9
4.1
4.3
4.5
4.7
4.9
5.1
5.3
5.5
5.7
5.9
6.1
6.3
6.5
6.7
6.9
7.1
7.3
7.5
7.7
7.9
8.1
8.3
8.5
8.7
8.9
9.1
9.3
9.5
9.7
9.9
0.1
0.3
0.5
0.7
0.9
1.1
1.3
1.5
1.7
1.9
2.1
2.3
2.5
2.7
2.9
3.1
3.3
3.5
3.7
3.9
4.1
4.3
4.5
4.7
4.9
5.1
5.3
5.5
5.7
5.9
6.1
6.3
6.5
6.7
6.9
7.1
7.3
7.5
7.7
7.9
8.1
8.3
8.5
8.7
8.9
9.1
9.3
9.5
9.7
9.9
0.1
0.3
0.5
0.7
0.9
1.1
1.3
1.5
1.7
1.9
2.1
2.3
2.5
2.7
2.9
3.1
3.3
3.5
3.7
3.9
4.1
4.3
4.5
4.7
4.9
5.1
5.3
5.5
5.7
5.9
6.1
6.3
6.5
6.7
6.9
7.1
7.3
7.5
7.7
7.9
8.1
8.3
8.5
8.7
8.9
9.1
9.3
9.5
9.7
9.9
0.1
0.3
0.5
0.7
0.9
1.1
1.3
1.5
1.7
1.9
2.1
2.3
2.5
2.7
2.9
3.1
3.3
3.5
3.7
3.9
4.1
4.3
4.5
4.7
4.9
5.1
5.3
5.5
5.7
5.9
6.1
6.3
6.5
6.7
6.9
7.1
7.3
7.5
7.7
7.9
8.1
8.3
8.5
8.7
8.9
9.1
9.3
9.5
9.7
9.9
0.1
0.3
0.5
0.7
0.9
1.1
1.3
1.5
1.7
1.9
2.1
2.3
2.5
2.7
2.9
3.1
3.3
3.5
3.7
3.9
4.1
4.3
4.5
4.7
4.9
5.1
5.3
5.5
5.7
5.9
6.1
6.3
6.5
6.7
6.9
7.1
7.3
7.5
7.7
7.9
8.1
8.3
8.5
8.7
8.9
9.1
9.3
9.5
9.7
9.9
0.1
0.3
0.5
0.7
0.9
1.1
1.3
1.5
1.7
1.9
2.1
2.3
2.5
2.7
2.9
3.1
3.3
3.5
3.7
3.9
4.1
4.3
4.5
4.7
4.9
5.1
5.3
5.5
5.7
5.9
6.1
6.3
6.5
6.7
6.9
7.1
7.3
7.5
7.7
7.9
8.1
8.3
8.5
8.7
8.9
9.1
9.3
9.5
9.7
9.9
0.1
0.3
0.5
0.7
0.9
1.1
1.3
1.5
1.7
1.9
2.1
2.3
2.5
2.7
2.9
3.1
3.3
3.5
3.7
3.9
4.1
4.3
4.5
4.7
4.9
5.1
5.3
5.5
5.7
5.9
6.1
6.3
6.5
6.7
6.9
7.1
7.3
7.5
7.7
7.9
8.1
8.3
8.5
8.7
8.9
9.1
9.3
9.5
9.7
9.9
0.1
0.3
0.5
0.7
0.9
1.1
1.3
1.5
1.7
1.9
2.1
2.3
2.5
2.7
2.9
3.1
3.3
3.5
3.7
3.9
4.1
4.3
4.5
4.7
4.9
5.1
5.3
5.5
5.7
5.9
6.1
6.3
6.5
6.7
6.9
7.1
7.3
7.5
7.7
7.9
8.1
8.3
8.5
8.7
8.9
9.1
9.3
9.5
9.7
9.9
0.1
0.3
0.5
0.7
0.9
1.1
1.3
1.5
1.7
1.9
2.1
2.3
2.5
2.7
2.9
3.1
3.3
3.5
3.7
3.9
4.1
4.3
4.5
4.7
4.9
5.1
5.3
5.5
5.7
5.9
6.1
6.3
6.5
6.7
6.9
7.1
7.3
7.5
7.7
7.9
8.1
8.3
8.5
8.7
8.9
9.1
9.3
9.5
9.7
9.9
)
;

boundaryField
{
    inlet
    {
        type            calculated;
        value           uniform 0;
    }
    outlet
    {
        type            calculated;
        value           nonuniform List<scalar> 
25
(
10
10
10
10
10
10
10
10
10
10
10
10
10
10
10
10
10
10
10
10
10
10
10
10
10
)
;
    }
    side1
    {
        type            cyclicAMI;
        value           nonuniform List<scalar> 
250
(
0.1
0.1
0.1
0.1
0.1
0.3
0.3
0.3
0.3
0.3
0.5
0.5
0.5
0.5
0.5
0.7
0.7
0.7
0.7
0.7
0.9
0.9
0.9
0.9
0.9
1.1
1.1
1.1
1.1
1.1
1.3
1.3
1.3
1.3
1.3
1.5
1.5
1.5
1.5
1.5
1.7
1.7
1.7
1.7
1.7
1.9
1.9
1.9
1.9
1.9
2.1
2.1
2.1
2.1
2.1
2.3
2.3
2.3
2.3
2.3
2.5
2.5
2.5
2.5
2.5
2.7
2.7
2.7
2.7
2.7
2.9
2.9
2.9
2.9
2.9
3.1
3.1
3.1
3.1
3.1
3.3
3.3
3.3
3.3
3.3
3.5
3.5
3.5
3.5
3.5
3.7
3.7
3.7
3.7
3.7
3.9
3.9
3.9
3.9
3.9
4.1
4.1
4.1
4.1
4.1
4.3
4.3
4.3
4.3
4.3
4.5
4.5
4.5
4.5
4.5
4.7
4.7
4.7
4.7
4.7
4.9
4.9
4.9
4.9
4.9
5.1
5.1
5.1
5.1
5.1
5.3
5.3
5.3
5.3
5.3
5.5
5.5
5.5
5.5
5.5
5.7
5.7
5.7
5.7
5.7
5.9
5.9
5.9
5.9
5.9
6.1
6.1
6.1
6.1
6.1
6.3
6.3
6.3
6.3
6.3
6.5
6.5
6.5
6.5
6.5
6.7
6.7
6.7
6.7
6.7
6.9
6.9
6.9
6.9
6.9
7.1
7.1
7.1
7.1
7.1
7.3
7.3
7.3
7.3
7.3
7.5
7.5
7.5
7.5
7.5
7.7
7.7
7.7
7.7
7.7
7.9
7.9
7.9
7.9
7.9
8.1
8.1
8.1
8.1
8.1
8.3
8.3
8.3
8.3
8.3
8.5
8.5
8.5
8.5
8.5
8.7
8.7
8.7
8.7
8.7
8.9
8.9
8.9
8.9
8.9
9.1
9.1
9.1
9.1
9.1
9.3
9.3
9.3
9.3
9.3
9.5
9.5
9.5
9.5
9.5
9.7
9.7
9.7
9.7
9.7
9.9
9.9
9.9
9.9
9.9
)
;
    }
    side2
    {
        type            cyclicAMI;
        value           nonuniform List<scalar> 
250
(
0.1
0.1
0.1
0.1
0.1
0.3
0.3
0.3
0.3
0.3
0.5
0.5
0.5
0.5
0.5
0.7
0.7
0.7
0.7
0.7
0.9
0.9
0.9
0.9
0.9
1.1
1.1
1.1
1.1
1.1
1.3
1.3
1.3
1.3
1.3
1.5
1.5
1.5
1.5
1.5
1.7
1.7
1.7
1.7
1.7
1.9
1.9
1.9
1.9
1.9
2.1
2.1
2.1
2.1
2.1
2.3
2.3
2.3
2.3
2.3
2.5
2.5
2.5
2.5
2.5
2.7
2.7
2.7
2.7
2.7
2.9
2.9
2.9
2.9
2.9
3.1
3.1
3.1
3.1
3.1
3.3
3.3
3.3
3.3
3.3
3.5
3.5
3.5
3.5
3.5
3.7
3.7
3.7
3.7
3.7
3.9
3.9
3.9
3.9
3.9
4.1
4.1
4.1
4.1
4.1
4.3
4.3
4.3
4.3
4.3
4.5
4.5
4.5
4.5
4.5
4.7
4.7
4.7
4.7
4.7
4.9
4.9
4.9
4.9
4.9
5.1
5.1
5.1
5.1
5.1
5.3
5.3
5.3
5.3
5.3
5.5
5.5
5.5
5.5
5.5
5.7
5.7
5.7
5.7
5.7
5.9
5.9
5.9
5.9
5.9
6.1
6.1
6.1
6.1
6.1
6.3
6.3
6.3
6.3
6.3
6.5
6.5
6.5
6.5
6.5
6.7
6.7
6.7
6.7
6.7
6.9
6.9
6.9
6.9
6.9
7.1
7.1
7.1
7.1
7.1
7.3
7.3
7.3
7.3
7.3
7.5
7.5
7.5
7.5
7.5
7.7
7.7
7.7
7.7
7.7
7.9
7.9
7.9
7.9
7.9
8.1
8.1
8.1
8.1
8.1
8.3
8.3
8.3
8.3
8.3
8.5
8.5
8.5
8.5
8.5
8.7
8.7
8.7
8.7
8.7
8.9
8.9
8.9
8.9
8.9
9.1
9.1
9.1
9.1
9.1
9.3
9.3
9.3
9.3
9.3
9.5
9.5
9.5
9.5
9.5
9.7
9.7
9.7
9.7
9.7
9.9
9.9
9.9
9.9
9.9
)
;
    }
    walls
    {
        type            calculated;
        value           nonuniform List<scalar> 
250
(
0.1
0.1
0.1
0.1
0.1
0.3
0.3
0.3
0.3
0.3
0.5
0.5
0.5
0.5
0.5
0.7
0.7
0.7
0.7
0.7
0.9
0.9
0.9
0.9
0.9
1.1
1.1
1.1
1.1
1.1
1.3
1.3
1.3
1.3
1.3
1.5
1.5
1.5
1.5
1.5
1.7
1.7
1.7
1.7
1.7
1.9
1.9
1.9
1.9
1.9
2.1
2.1
2.1
2.1
2.1
2.3
2.3
2.3
2.3
2.3
2.5
2.5
2.5
2.5
2.5
2.7
2.7
2.7
2.7
2.7
2.9
2.9
2.9
2.9
2.9
3.1
3.1
3.1
3.1
3.1
3.3
3.3
3.3
3.3
3.3
3.5
3.5
3.5
3.5
3.5
3.7
3.7
3.7
3.7
3.7
3.9
3.9
3.9
3.9
3.9
4.1
4.1
4.1
4.1
4.1
4.3
4.3
4.3
4.3
4.3
4.5
4.5
4.5
4.5
4.5
4.7
4.7
4.7
4.7
4.7
4.9
4.9
4.9
4.9
4.9
5.1
5.1
5.1
5.1
5.1
5.3
5.3
5.3
5.3
5.3
5.5
5.5
5.5
5.5
5.5
5.7
5.7
5.7
5.7
5.7
5.9
5.9
5.9
5.9
5.9
6.1
6.1
6.1
6.1
6.1
6.3
6.3
6.3
6.3
6.3
6.5
6.5
6.5
6.5
6.5
6.7
6.7
6.7
6.7
6.7
6.9
6.9
6.9
6.9
6.9
7.1
7.1
7.1
7.1
7.1
7.3
7.3
7.3
7.3
7.3
7.5
7.5
7.5
7.5
7.5
7.7
7.7
7.7
7.7
7.7
7.9
7.9
7.9
7.9
7.9
8.1
8.1
8.1
8.1
8.1
8.3
8.3
8.3
8.3
8.3
8.5
8.5
8.5
8.5
8.5
8.7
8.7
8.7
8.7
8.7
8.9
8.9
8.9
8.9
8.9
9.1
9.1
9.1
9.1
9.1
9.3
9.3
9.3
9.3
9.3
9.5
9.5
9.5
9.5
9.5
9.7
9.7
9.7
9.7
9.7
9.9
9.9
9.9
9.9
9.9
)
;
    }
}


// ************************************************************************* //
