/*--------------------------------*- C++ -*----------------------------------*\
| =========                 |                                                 |
| \\      /  F ield         | OpenFOAM: The Open Source CFD Toolbox           |
|  \\    /   O peration     | Version:  v2006                                 |
|   \\  /    A nd           | Website:  www.openfoam.com                      |
|    \\/     M anipulation  |                                                 |
\*---------------------------------------------------------------------------*/
FoamFile
{
    version     2.0;
    format      ascii;
    class       surfaceScalarField;
    location    "227";
    object      phi;
}
// * * * * * * * * * * * * * * * * * * * * * * * * * * * * * * * * * * * * * //

dimensions      [0 3 -1 0 0 0 0];
oriented        oriented;


internalField   nonuniform List<scalar> 
3225
(
0.00154622
0.00255409
-1.13568e-06
0.00154955
0.00249675
-3.33478e-06
0.00155326
0.00241182
-3.71776e-06
0.00155973
0.00232914
-6.45907e-06
0.00156398
0.00227388
-4.25582e-06
0.0015634
0.00226374
5.77034e-07
0.00155859
0.0023137
4.81261e-06
0.00155206
0.00240368
6.52312e-06
0.00154565
0.00248965
6.41319e-06
0.00153895
0.00252852
6.69407e-06
0.00153187
0.00249191
7.0757e-06
0.00152525
0.0023975
6.63106e-06
0.00151975
0.00228487
5.50049e-06
0.0015157
0.00218784
4.04594e-06
0.00151284
0.0021257
2.85727e-06
0.00151054
0.00210079
2.29494e-06
0.0015083
0.00210869
2.23297e-06
0.00150578
0.00213679
2.51443e-06
0.00150294
0.00217508
2.83731e-06
0.0014998
0.00220984
3.139e-06
0.00149646
0.00223575
3.3378e-06
0.00149301
0.00224564
3.44711e-06
0.00148952
0.0022431
3.47609e-06
0.00148607
0.0022272
3.46481e-06
0.00148269
0.00220608
3.39636e-06
0.00147943
0.00217944
3.29729e-06
0.00147628
0.00215462
3.18338e-06
0.0014732
0.00212868
3.13604e-06
0.00147023
0.00210659
3.02525e-06
0.00146727
0.00208399
3.04902e-06
0.00146441
0.00206377
2.94849e-06
0.00146161
0.00204298
2.90053e-06
0.00145897
0.00202324
2.74904e-06
0.00145648
0.00200265
2.59395e-06
0.00145427
0.00198311
2.32013e-06
0.00145222
0.00196263
2.15263e-06
0.00145061
0.00194349
1.73023e-06
0.00144906
0.00192424
1.63256e-06
0.00144807
0.00190505
1.06153e-06
0.00144695
0.00188718
1.19778e-06
0.00144644
0.00186828
5.66286e-07
0.00144571
0.00185268
8.19744e-07
0.00144546
0.00183562
2.69628e-07
0.00144492
0.00182197
5.31352e-07
0.00144443
0.00180092
6.34299e-07
0.0014432
0.00178674
1.53984e-06
0.00143874
0.00174679
4.76251e-06
0.00142694
0.00174445
1.20445e-05
0.00137266
0.00162029
5.45133e-05
0.00148307
9.56581e-05
0.00154622
0.00255409
-1.13558e-06
0.00154955
0.00249675
-3.33508e-06
0.00155327
0.00241182
-3.71385e-06
0.00155973
0.00232914
-6.46269e-06
0.00156398
0.00227388
-4.25294e-06
0.0015634
0.00226374
5.73678e-07
0.00155859
0.0023137
4.81691e-06
0.00155206
0.00240368
6.52558e-06
0.00154565
0.00248965
6.41472e-06
0.00153895
0.00252853
6.69184e-06
0.00153187
0.00249191
7.07167e-06
0.00152525
0.0023975
6.63128e-06
0.00151975
0.00228487
5.50273e-06
0.0015157
0.00218784
4.04721e-06
0.00151284
0.0021257
2.86168e-06
0.00151054
0.00210079
2.29635e-06
0.0015083
0.00210869
2.23081e-06
0.00150578
0.00213679
2.51356e-06
0.00150294
0.00217508
2.83765e-06
0.0014998
0.00220984
3.1404e-06
0.00149646
0.00223575
3.33678e-06
0.00149301
0.00224564
3.44722e-06
0.00148952
0.00224311
3.47068e-06
0.00148607
0.00222721
3.44607e-06
0.00148269
0.00220609
3.37311e-06
0.00147944
0.00217947
3.25948e-06
0.00147629
0.00215466
3.13145e-06
0.00147321
0.00212873
3.06918e-06
0.00147024
0.00210666
2.94169e-06
0.00146729
0.00208408
2.94138e-06
0.00146443
0.00206387
2.82309e-06
0.00146163
0.00204309
2.76362e-06
0.00145899
0.00202336
2.59504e-06
0.00145651
0.00200276
2.44928e-06
0.00145429
0.00198323
2.17569e-06
0.00145224
0.00196275
2.00262e-06
0.00145063
0.00194358
1.60333e-06
0.00144908
0.00192434
1.50522e-06
0.00144809
0.00190513
9.58209e-07
0.00144697
0.00188727
1.08661e-06
0.00144646
0.00186837
4.61499e-07
0.00144573
0.0018527
7.57464e-07
0.00144548
0.00183566
2.34027e-07
0.00144494
0.00182205
4.88393e-07
0.00144444
0.00180098
4.45861e-07
0.00144319
0.00178685
1.26486e-06
0.00143874
0.00174704
4.31726e-06
0.00142693
0.00174478
1.16057e-05
0.00137271
0.00162071
5.40135e-05
0.00148337
9.53127e-05
0.00154622
0.00255409
-1.135e-06
0.00154955
0.00249675
-3.33516e-06
0.00155327
0.00241182
-3.71116e-06
0.00155973
0.00232915
-6.46352e-06
0.00156398
0.00227387
-4.24872e-06
0.0015634
0.00226374
5.68836e-07
0.00155859
0.00231369
4.81546e-06
0.00155206
0.00240368
6.52697e-06
0.00154565
0.00248965
6.41611e-06
0.00153895
0.00252853
6.69762e-06
0.00153187
0.00249192
7.07426e-06
0.00152525
0.0023975
6.62585e-06
0.00151975
0.00228487
5.50071e-06
0.0015157
0.00218784
4.04685e-06
0.00151284
0.0021257
2.86304e-06
0.00151054
0.00210079
2.30085e-06
0.0015083
0.0021087
2.23063e-06
0.00150578
0.00213679
2.51183e-06
0.00150295
0.00217508
2.83563e-06
0.0014998
0.00220984
3.14134e-06
0.00149646
0.00223575
3.33736e-06
0.00149301
0.00224564
3.44925e-06
0.00148953
0.00224311
3.47824e-06
0.00148608
0.00222721
3.45119e-06
0.00148269
0.00220609
3.37626e-06
0.00147944
0.00217946
3.27297e-06
0.00147629
0.00215466
3.14441e-06
0.00147322
0.00212872
3.0884e-06
0.00147025
0.00210666
2.9649e-06
0.00146729
0.00208407
2.96611e-06
0.00146443
0.00206387
2.84831e-06
0.00146163
0.00204309
2.79333e-06
0.001459
0.00202336
2.62317e-06
0.00145651
0.00200276
2.47413e-06
0.0014543
0.00198322
2.21847e-06
0.00145225
0.00196275
2.02932e-06
0.00145063
0.00194358
1.63338e-06
0.00144908
0.00192434
1.53514e-06
0.0014481
0.00190513
9.82724e-07
0.00144698
0.00188727
1.12588e-06
0.00144646
0.00186838
4.95386e-07
0.00144573
0.00185271
7.32332e-07
0.00144548
0.00183563
2.69321e-07
0.00144495
0.00182208
4.95027e-07
0.00144444
0.00180103
4.57508e-07
0.00144319
0.00178679
1.32042e-06
0.00143873
0.0017471
4.41599e-06
0.00142692
0.00174479
1.17833e-05
0.00137273
0.00162071
5.42209e-05
0.00148365
9.55033e-05
0.00154622
0.00255409
-1.13474e-06
0.00154955
0.00249675
-3.33575e-06
0.00155327
0.00241181
-3.71207e-06
0.00155973
0.00232915
-6.46159e-06
0.00156398
0.00227387
-4.25061e-06
0.00156341
0.00226374
5.69321e-07
0.00155859
0.00231369
4.81385e-06
0.00155206
0.00240368
6.52686e-06
0.00154565
0.00248965
6.4137e-06
0.00153895
0.00252852
6.70013e-06
0.00153187
0.00249191
7.08097e-06
0.00152525
0.0023975
6.6242e-06
0.00151975
0.00228487
5.49756e-06
0.0015157
0.00218784
4.04477e-06
0.00151284
0.0021257
2.86095e-06
0.00151054
0.00210079
2.30309e-06
0.0015083
0.0021087
2.23336e-06
0.00150578
0.00213679
2.51136e-06
0.00150295
0.00217509
2.83447e-06
0.0014998
0.00220984
3.14024e-06
0.00149646
0.00223575
3.33876e-06
0.00149301
0.00224564
3.44852e-06
0.00148953
0.00224311
3.48023e-06
0.00148608
0.00222722
3.45937e-06
0.00148269
0.00220611
3.3828e-06
0.00147944
0.00217947
3.2824e-06
0.00147629
0.00215468
3.16248e-06
0.00147322
0.00212875
3.11143e-06
0.00147024
0.00210669
2.99864e-06
0.00146729
0.00208411
3.00733e-06
0.00146443
0.00206392
2.8946e-06
0.00146163
0.00204314
2.84082e-06
0.00145899
0.00202343
2.67758e-06
0.00145651
0.00200283
2.51647e-06
0.00145429
0.00198328
2.26879e-06
0.00145224
0.00196282
2.0822e-06
0.00145063
0.00194363
1.66795e-06
0.00144908
0.00192439
1.57965e-06
0.00144809
0.00190518
1.00304e-06
0.00144697
0.0018873
1.17284e-06
0.00144646
0.00186841
5.37092e-07
0.00144572
0.00185278
7.28469e-07
0.00144547
0.00183568
2.39948e-07
0.00144494
0.00182208
5.78531e-07
0.00144444
0.00180107
4.79406e-07
0.00144318
0.0017869
1.3104e-06
0.00143873
0.00174713
4.56781e-06
0.00142692
0.00174485
1.19383e-05
0.00137271
0.00162071
5.4474e-05
0.00148368
9.57273e-05
0.00154622
-1.13431e-06
0.00154955
-3.33452e-06
0.00155327
-3.71544e-06
0.00155973
-6.45853e-06
0.00156398
-4.25467e-06
0.0015634
5.71432e-07
0.00155859
4.81115e-06
0.00155206
6.52624e-06
0.00154565
6.41387e-06
0.00153895
6.699e-06
0.00153187
7.08075e-06
0.00152525
6.6272e-06
0.00151975
5.49736e-06
0.0015157
4.04377e-06
0.00151284
2.85728e-06
0.00151054
2.29964e-06
0.0015083
2.2374e-06
0.00150578
2.51285e-06
0.00150295
2.83436e-06
0.0014998
3.13844e-06
0.00149646
3.33783e-06
0.00149301
3.4499e-06
0.00148952
3.4826e-06
0.00148607
3.46715e-06
0.00148269
3.39172e-06
0.00147943
3.29556e-06
0.00147628
3.17687e-06
0.00147321
3.12859e-06
0.00147024
3.02401e-06
0.00146728
3.04177e-06
0.00146442
2.93852e-06
0.00146162
2.88983e-06
0.00145898
2.73609e-06
0.00145649
2.57769e-06
0.00145428
2.31681e-06
0.00145223
2.15137e-06
0.00145061
1.72405e-06
0.00144907
1.64586e-06
0.00144808
1.04868e-06
0.00144696
1.21782e-06
0.00144645
5.86462e-07
0.00144571
7.91155e-07
0.00144546
2.78753e-07
0.00144492
6.37831e-07
0.00144443
4.97185e-07
0.00144318
1.21006e-06
0.00143873
4.60969e-06
0.00142693
1.20292e-05
0.00137266
5.46567e-05
9.59156e-05
0.0046401
0.00607959
-5.98815e-06
0.00466462
0.00614356
-2.78587e-05
0.00467986
0.00624157
-1.89616e-05
0.00469709
0.00642442
-2.3702e-05
0.00470038
0.00656239
-7.56646e-06
0.00468958
0.00657967
1.142e-05
0.00467021
0.00642887
2.42018e-05
0.00465021
0.00617986
2.65081e-05
0.00463529
0.00593894
2.13015e-05
0.0046243
0.00577337
1.76662e-05
0.00461466
0.00571528
1.67196e-05
0.0046054
0.00575662
1.5928e-05
0.00459591
0.00586227
1.50047e-05
0.00458633
0.00599085
1.36087e-05
0.00457656
0.00610486
1.25938e-05
0.00456629
0.00617499
1.25445e-05
0.00455533
0.0061911
1.32024e-05
0.00454378
0.00615574
1.4084e-05
0.00453208
0.00608615
1.45492e-05
0.00452081
0.00599828
1.4401e-05
0.00451049
0.00591039
1.36393e-05
0.00450142
0.00582906
1.25035e-05
0.00449363
0.00576163
1.12521e-05
0.00448695
0.00570359
1.01566e-05
0.00448114
0.00565557
9.22528e-06
0.00447598
0.0056098
8.45847e-06
0.00447121
0.00556653
7.96029e-06
0.00446677
0.00551911
7.55473e-06
0.00446253
0.00547039
7.22802e-06
0.0044585
0.00541525
7.08599e-06
0.00445477
0.00535901
6.68955e-06
0.00445132
0.00529785
6.35689e-06
0.00444835
0.00523763
5.74751e-06
0.00444582
0.00517509
5.14225e-06
0.00444397
0.00511533
4.16053e-06
0.00444269
0.00505591
3.40594e-06
0.00444227
0.0049989
2.1583e-06
0.00444212
0.00494571
1.77795e-06
0.00444306
0.00489137
1.62758e-07
0.00444393
0.00484518
2.85343e-07
0.0044459
0.00479153
-1.32166e-06
0.00444746
0.00475256
-6.62603e-07
0.0044497
0.00469913
-2.05485e-06
0.00445122
0.00466479
-1.07046e-06
0.00445165
0.00461049
2.27671e-07
0.0044503
0.00457902
2.83906e-06
0.00443867
0.00449858
1.62798e-05
0.00441067
0.00446437
3.99485e-05
0.0042944
0.00427013
0.000170689
0.00394253
0.00038043
0.0046401
0.00607959
-5.98571e-06
0.00466462
0.00614356
-2.78609e-05
0.00467987
0.00624156
-1.89499e-05
0.00469709
0.00642443
-2.36915e-05
0.00470038
0.00656242
-7.58271e-06
0.00468958
0.00657968
1.13731e-05
0.00467021
0.00642883
2.42198e-05
0.00465021
0.00617984
2.65473e-05
0.00463529
0.00593894
2.13323e-05
0.0046243
0.00577341
1.76506e-05
0.00461466
0.00571532
1.6672e-05
0.0046054
0.0057566
1.59037e-05
0.00459591
0.00586223
1.50306e-05
0.00458633
0.00599084
1.36434e-05
0.00457656
0.00610486
1.26222e-05
0.00456629
0.00617502
1.253e-05
0.00455533
0.00619111
1.31743e-05
0.00454378
0.00615573
1.40695e-05
0.00453208
0.00608614
1.45542e-05
0.00452081
0.00599827
1.44222e-05
0.00451049
0.0059104
1.36433e-05
0.00450142
0.00582906
1.25009e-05
0.00449363
0.00576165
1.12436e-05
0.00448696
0.00570361
1.00999e-05
0.00448115
0.00565556
9.18827e-06
0.00447599
0.0056098
8.41458e-06
0.00447122
0.00556653
7.89055e-06
0.00446679
0.00551911
7.49229e-06
0.00446257
0.00547043
7.11749e-06
0.00445854
0.00541528
6.92706e-06
0.00445481
0.00535902
6.51708e-06
0.00445137
0.00529787
6.17545e-06
0.0044484
0.00523763
5.53321e-06
0.00444588
0.00517506
4.97047e-06
0.00444403
0.00511532
4.01481e-06
0.00444275
0.00505594
3.22868e-06
0.00444233
0.00499892
1.99413e-06
0.00444218
0.00494576
1.59982e-06
0.00444312
0.00489137
7.14224e-09
0.004444
0.00484522
1.57042e-07
0.00444594
0.0047916
-1.55107e-06
0.0044475
0.00475252
-7.76821e-07
0.00444977
0.00469915
-2.05579e-06
0.00445129
0.00466492
-1.17069e-06
0.00445171
0.00461048
2.92131e-08
0.00445039
0.00457889
2.67321e-06
0.00443876
0.00449833
1.61644e-05
0.00441077
0.00446414
3.97816e-05
0.00429453
0.00426993
0.00017038
0.00394263
0.000380035
0.0046401
0.00607959
-5.98415e-06
0.00466462
0.00614356
-2.78574e-05
0.00467987
0.00624156
-1.89504e-05
0.00469709
0.00642441
-2.36763e-05
0.00470038
0.00656243
-7.55043e-06
0.00468958
0.00657972
1.13364e-05
0.00467021
0.00642884
2.41771e-05
0.00465021
0.00617982
2.65496e-05
0.00463529
0.00593892
2.13593e-05
0.0046243
0.0057734
1.76957e-05
0.00461466
0.00571535
1.66804e-05
0.0046054
0.00575663
1.58549e-05
0.00459591
0.00586223
1.50031e-05
0.00458633
0.00599082
1.36526e-05
0.00457656
0.00610484
1.26526e-05
0.00456629
0.00617503
1.25613e-05
0.00455534
0.00619114
1.31588e-05
0.00454378
0.00615574
1.40536e-05
0.00453208
0.00608614
1.45336e-05
0.00452081
0.00599825
1.44328e-05
0.00451049
0.00591039
1.36621e-05
0.00450143
0.00582907
1.25068e-05
0.00449363
0.00576165
1.12696e-05
0.00448696
0.00570364
1.0103e-05
0.00448115
0.00565558
9.16334e-06
0.004476
0.0056098
8.427e-06
0.00447123
0.00556654
7.89563e-06
0.0044668
0.00551911
7.52243e-06
0.00446258
0.00547046
7.15551e-06
0.00445855
0.00541534
6.93246e-06
0.00445483
0.00535907
6.51099e-06
0.00445139
0.00529793
6.17432e-06
0.00444841
0.00523771
5.52463e-06
0.00444589
0.00517512
4.93467e-06
0.00444405
0.00511532
4.06152e-06
0.00444277
0.00505599
3.26459e-06
0.00444234
0.00499895
2.04135e-06
0.00444218
0.00494581
1.63316e-06
0.00444312
0.00489141
1.13458e-08
0.00444402
0.00484523
2.28568e-07
0.00444596
0.0047917
-1.54716e-06
0.00444749
0.00475258
-8.5163e-07
0.00444977
0.00469908
-1.94069e-06
0.00445134
0.0046649
-1.06831e-06
0.00445177
0.00461054
-3.70251e-08
0.0044504
0.00457895
2.62533e-06
0.0044387
0.00449829
1.6156e-05
0.00441068
0.0044641
3.98292e-05
0.00429449
0.00426982
0.000170521
0.00394255
0.000380254
0.0046401
0.00607959
-5.98391e-06
0.00466463
0.00614356
-2.78601e-05
0.00467987
0.00624156
-1.89537e-05
0.00469709
0.0064244
-2.36724e-05
0.00470039
0.00656241
-7.5203e-06
0.00468958
0.00657974
1.13529e-05
0.00467021
0.00642887
2.41493e-05
0.00465021
0.00617982
2.6523e-05
0.00463529
0.0059389
2.13485e-05
0.0046243
0.00577337
1.77192e-05
0.00461466
0.00571533
1.6734e-05
0.00460541
0.00575667
1.58497e-05
0.00459591
0.00586225
1.49656e-05
0.00458633
0.00599081
1.36264e-05
0.00457656
0.00610482
1.26521e-05
0.00456629
0.006175
1.25971e-05
0.00455534
0.00619115
1.31817e-05
0.00454378
0.00615576
1.4045e-05
0.00453208
0.00608616
1.45193e-05
0.00452081
0.00599825
1.44086e-05
0.00451049
0.00591037
1.36769e-05
0.00450143
0.00582906
1.25131e-05
0.00449364
0.00576164
1.12813e-05
0.00448696
0.00570363
1.01393e-05
0.00448115
0.00565559
9.17201e-06
0.004476
0.0056098
8.43428e-06
0.00447123
0.00556653
7.92446e-06
0.0044668
0.00551907
7.566e-06
0.00446258
0.00547039
7.2655e-06
0.00445855
0.0054153
7.05039e-06
0.00445483
0.00535904
6.62734e-06
0.00445139
0.00529789
6.28496e-06
0.00444842
0.00523768
5.64416e-06
0.00444589
0.00517512
5.00972e-06
0.00444405
0.00511527
4.12298e-06
0.00444277
0.00505592
3.38539e-06
0.00444235
0.00499891
2.11362e-06
0.00444219
0.00494577
1.76759e-06
0.00444312
0.00489142
3.80739e-08
0.00444402
0.00484516
3.29725e-07
0.00444598
0.0047917
-1.44539e-06
0.00444751
0.00475264
-8.6699e-07
0.00444977
0.00469906
-2.01261e-06
0.00445132
0.00466482
-9.09725e-07
0.00445173
0.00461058
1.54334e-08
0.00445036
0.00457892
2.66474e-06
0.00443866
0.0044983
1.62139e-05
0.00441064
0.00446413
3.9871e-05
0.0042944
0.00426983
0.000170625
0.00394261
0.000380392
0.0046401
-5.98304e-06
0.00466462
-2.7856e-05
0.00467987
-1.89679e-05
0.00469709
-2.3682e-05
0.00470039
-7.51915e-06
0.00468958
1.13984e-05
0.00467021
2.41559e-05
0.00465021
2.65018e-05
0.00463529
2.13201e-05
0.0046243
1.77122e-05
0.00461466
1.67524e-05
0.0046054
1.58941e-05
0.00459591
1.49625e-05
0.00458633
1.35981e-05
0.00457656
1.26163e-05
0.00456629
1.2589e-05
0.00455534
1.3221e-05
0.00454378
1.40642e-05
0.00453208
1.45256e-05
0.00452081
1.43871e-05
0.00451049
1.36563e-05
0.00450143
1.25173e-05
0.00449364
1.1287e-05
0.00448696
1.01684e-05
0.00448115
9.20234e-06
0.00447599
8.45001e-06
0.00447123
7.92653e-06
0.00446679
7.53889e-06
0.00446256
7.2599e-06
0.00445853
7.09237e-06
0.0044548
6.67007e-06
0.00445136
6.34482e-06
0.00444839
5.70877e-06
0.00444586
5.08403e-06
0.004444
4.12003e-06
0.00444273
3.43393e-06
0.00444231
2.15748e-06
0.00444216
1.84805e-06
0.00444308
1.31794e-07
0.00444397
3.52729e-07
0.00444594
-1.30318e-06
0.00444749
-7.53109e-07
0.00444975
-1.98537e-06
0.0044513
-8.42082e-07
0.00445172
1.37945e-07
0.00445032
2.51438e-06
0.00443863
1.61222e-05
0.00441061
3.98217e-05
0.00429438
0.000170649
0.000380553
0.0077199
0.00989679
-4.76653e-07
0.00771193
0.00992133
-1.98903e-05
0.00774061
0.0096572
-4.76018e-05
0.00779452
0.00947985
-7.76087e-05
0.00783627
0.00940556
-4.94401e-05
0.00785291
0.00944301
-5.20937e-06
0.0078405
0.00963963
3.67405e-05
0.00781268
0.00994157
5.43287e-05
0.00778059
0.0102537
5.32964e-05
0.00774656
0.0104892
5.1594e-05
0.00771375
0.0105494
4.95355e-05
0.00768285
0.0104405
4.69288e-05
0.00765425
0.0102109
4.36478e-05
0.00763009
0.00992874
3.77393e-05
0.0076124
0.00964999
3.02194e-05
0.00760169
0.0094118
2.31877e-05
0.00759764
0.00922613
1.72799e-05
0.00759857
0.0090914
1.31969e-05
0.00760281
0.0089933
1.03464e-05
0.00760845
0.00891681
8.75705e-06
0.00761452
0.0088467
7.52507e-06
0.00762013
0.00877293
6.87169e-06
0.00762528
0.00868925
6.05762e-06
0.0076299
0.00859452
5.54673e-06
0.0076345
0.00848916
4.6547e-06
0.00763919
0.00837786
3.73625e-06
0.0076444
0.0082616
2.72422e-06
0.00765023
0.00814682
1.63854e-06
0.00765662
0.00803148
7.14123e-07
0.00766368
0.00792166
-3.8417e-08
0.007671
0.00781292
-7.02085e-07
0.00767868
0.00771067
-1.38794e-06
0.00768633
0.00760979
-1.94146e-06
0.0076941
0.00751468
-2.66492e-06
0.00770158
0.00742164
-3.35805e-06
0.00770902
0.00733252
-4.1938e-06
0.00771616
0.00724709
-5.09229e-06
0.00772342
0.00716278
-5.56656e-06
0.00773018
0.00708405
-6.64443e-06
0.00773719
0.00700508
-6.75744e-06
0.00774332
0.00692964
-7.52025e-06
0.00775044
0.00685728
-7.83798e-06
0.00775596
0.00678167
-7.46971e-06
0.00776362
0.00671638
-8.70989e-06
0.00776757
0.00664003
-3.84252e-06
0.0077749
0.00657902
-4.70714e-06
0.00776994
0.00649096
2.11254e-05
0.00775873
0.00640629
5.10395e-05
0.00768261
0.00625015
0.000246786
0.00587676
0.000638057
0.0077199
0.00989679
-4.72623e-07
0.00771193
0.00992134
-1.98971e-05
0.00774062
0.0096572
-4.76383e-05
0.00779452
0.00947979
-7.75394e-05
0.00783628
0.00940559
-4.93707e-05
0.00785291
0.00944314
-5.39092e-06
0.00784049
0.00963957
3.66974e-05
0.00781268
0.00994147
5.44535e-05
0.0077806
0.0102536
5.3437e-05
0.00774656
0.0104893
5.15701e-05
0.00771375
0.0105495
4.94036e-05
0.00768286
0.0104404
4.68307e-05
0.00765426
0.0102108
4.37033e-05
0.00763009
0.0099287
3.78518e-05
0.0076124
0.00964999
3.03184e-05
0.0076017
0.00941188
2.31544e-05
0.00759764
0.00922618
1.71709e-05
0.00759857
0.0090914
1.3141e-05
0.00760281
0.00899327
1.03452e-05
0.00760846
0.00891676
8.82393e-06
0.00761451
0.0088467
7.58051e-06
0.00762012
0.00877295
6.87178e-06
0.00762528
0.00868928
6.0676e-06
0.00762989
0.00859455
5.44783e-06
0.0076345
0.00848911
4.62347e-06
0.00763919
0.00837781
3.77622e-06
0.0076444
0.00826155
2.72838e-06
0.00765023
0.00814676
1.73701e-06
0.00765663
0.00803149
7.03007e-07
0.00766367
0.00792165
-1.09145e-07
0.00767101
0.0078129
-7.91374e-07
0.00767869
0.00771063
-1.47809e-06
0.00768634
0.00760973
-2.05084e-06
0.00769409
0.00751459
-2.69867e-06
0.0077016
0.0074215
-3.35532e-06
0.00770907
0.00733244
-4.16519e-06
0.00771618
0.00724709
-5.11548e-06
0.00772342
0.0071628
-5.65131e-06
0.00773018
0.00708407
-6.76033e-06
0.00773725
0.00700506
-6.88863e-06
0.00774338
0.00692963
-7.67631e-06
0.00775044
0.00685734
-7.8934e-06
0.00775594
0.00678166
-7.54332e-06
0.00776365
0.00671625
-8.74727e-06
0.00776761
0.00664001
-3.91767e-06
0.00777495
0.00657906
-4.70489e-06
0.00777
0.00649101
2.10728e-05
0.00775881
0.0064063
5.09506e-05
0.00768269
0.00625003
0.000246604
0.0058767
0.000637802
0.00771991
0.00989679
-4.70827e-07
0.00771193
0.00992135
-1.98908e-05
0.00774061
0.00965722
-4.76615e-05
0.00779452
0.00947977
-7.75518e-05
0.00783629
0.00940551
-4.92365e-05
0.00785292
0.00944325
-5.41004e-06
0.00784049
0.00963967
3.65223e-05
0.00781268
0.00994142
5.44103e-05
0.0077806
0.0102536
5.35249e-05
0.00774656
0.0104893
5.17529e-05
0.00771375
0.0105496
4.94274e-05
0.00768286
0.0104405
4.66651e-05
0.00765426
0.0102108
4.3605e-05
0.0076301
0.00992864
3.78672e-05
0.0076124
0.00964993
3.04213e-05
0.0076017
0.00941186
2.32757e-05
0.00759765
0.00922625
1.71382e-05
0.00759857
0.00909144
1.30841e-05
0.00760281
0.00899329
1.02719e-05
0.00760846
0.00891673
8.81697e-06
0.00761452
0.00884666
7.63884e-06
0.00762012
0.00877294
6.90679e-06
0.00762528
0.00868928
6.1124e-06
0.00762989
0.00859459
5.44972e-06
0.0076345
0.00848915
4.51968e-06
0.0076392
0.00837779
3.74429e-06
0.00764441
0.00826153
2.701e-06
0.00765023
0.00814668
1.7775e-06
0.00765664
0.00803145
7.85687e-07
0.00766368
0.00792166
-1.26825e-07
0.00767101
0.0078129
-8.24215e-07
0.00767871
0.00771066
-1.55711e-06
0.00768636
0.00760975
-2.14638e-06
0.00769409
0.00751461
-2.8196e-06
0.00770158
0.00742146
-3.38953e-06
0.00770909
0.00733234
-4.14034e-06
0.00771621
0.00724704
-5.03333e-06
0.00772343
0.00716279
-5.57437e-06
0.00773015
0.0070841
-6.73675e-06
0.00773723
0.00700507
-6.85774e-06
0.00774343
0.00692961
-7.71465e-06
0.00775047
0.00685738
-7.94322e-06
0.00775594
0.00678177
-7.51518e-06
0.00776362
0.00671627
-8.77496e-06
0.0077676
0.00663993
-3.94652e-06
0.00777499
0.00657897
-4.68436e-06
0.00777008
0.00649095
2.11102e-05
0.00775887
0.00640625
5.1067e-05
0.00768269
0.00624995
0.000246745
0.00587662
0.000637997
0.00771991
0.00989679
-4.69484e-07
0.00771193
0.00992134
-1.98736e-05
0.00774061
0.00965726
-4.76788e-05
0.00779451
0.00947979
-7.7598e-05
0.00783628
0.00940541
-4.91818e-05
0.00785293
0.00944319
-5.23615e-06
0.00784049
0.00963978
3.64715e-05
0.00781268
0.00994148
5.42721e-05
0.0077806
0.0102535
5.34709e-05
0.00774656
0.0104892
5.18836e-05
0.00771375
0.0105495
4.95794e-05
0.00768286
0.0104406
4.66522e-05
0.00765426
0.0102109
4.34867e-05
0.0076301
0.00992866
3.77653e-05
0.0076124
0.00964989
3.03926e-05
0.00760169
0.00941178
2.33857e-05
0.00759765
0.00922624
1.7241e-05
0.00759858
0.00909148
1.30794e-05
0.00760281
0.00899333
1.02416e-05
0.00760846
0.00891676
8.72742e-06
0.00761452
0.00884663
7.64288e-06
0.00762012
0.00877291
6.93574e-06
0.00762528
0.00868924
6.15937e-06
0.00762989
0.00859458
5.54136e-06
0.00763449
0.00848919
4.5282e-06
0.0076392
0.0083778
3.72014e-06
0.00764442
0.00826155
2.68339e-06
0.00765023
0.00814666
1.78e-06
0.00765664
0.00803135
9.51146e-07
0.00766368
0.0079216
5.78729e-08
0.007671
0.00781284
-6.41029e-07
0.00767871
0.00771061
-1.37512e-06
0.00768637
0.00760974
-2.00882e-06
0.00769411
0.00751461
-2.73014e-06
0.00770156
0.00742148
-3.35477e-06
0.00770907
0.00733226
-4.0512e-06
0.00771623
0.00724694
-4.92611e-06
0.00772346
0.00716269
-5.3698e-06
0.00773016
0.00708404
-6.58876e-06
0.00773719
0.00700505
-6.69167e-06
0.00774342
0.00692955
-7.61119e-06
0.00775052
0.0068573
-7.88976e-06
0.00775596
0.00678179
-7.47285e-06
0.00776364
0.00671634
-8.67564e-06
0.00776763
0.00663992
-3.96972e-06
0.00777501
0.00657894
-4.69557e-06
0.0077701
0.00649093
2.11707e-05
0.00775888
0.0064062
5.11033e-05
0.00768268
0.00624994
0.000246872
0.00587655
0.000638139
0.00771991
-4.69368e-07
0.00771193
-1.9862e-05
0.00774061
-4.7644e-05
0.00779452
-7.76622e-05
0.00783627
-4.93061e-05
0.00785293
-5.10841e-06
0.0078405
3.6601e-05
0.00781268
5.42184e-05
0.0077806
5.3336e-05
0.00774656
5.18102e-05
0.00771375
4.96476e-05
0.00768286
4.68237e-05
0.00765426
4.3512e-05
0.0076301
3.76876e-05
0.0076124
3.02681e-05
0.00760169
2.33308e-05
0.00759765
1.73418e-05
0.00759858
1.31499e-05
0.00760281
1.02858e-05
0.00760846
8.68551e-06
0.00761452
7.56626e-06
0.00762013
6.90998e-06
0.00762528
6.15045e-06
0.0076299
5.60062e-06
0.0076345
4.60185e-06
0.00763919
3.72486e-06
0.00764442
2.66312e-06
0.00765023
1.64058e-06
0.00765663
8.29846e-07
0.00766369
4.53079e-08
0.007671
-6.69209e-07
0.00767869
-1.34895e-06
0.00768636
-1.99348e-06
0.00769412
-2.7285e-06
0.00770157
-3.4465e-06
0.00770904
-4.16385e-06
0.0077162
-5.0366e-06
0.00772346
-5.42597e-06
0.00773018
-6.54301e-06
0.00773717
-6.64909e-06
0.00774335
-7.49272e-06
0.0077505
-7.83137e-06
0.00775597
-7.44749e-06
0.00776363
-8.5845e-06
0.00776762
-3.85507e-06
0.00777498
-4.74549e-06
0.00777004
2.1131e-05
0.00775878
5.10371e-05
0.00768253
0.000246698
0.000638034
0.0110343
0.0137857
-0.000219163
0.0110702
0.0140928
-5.5853e-05
0.0110417
0.0147785
-1.9036e-05
0.0109713
0.0154765
-7.29276e-06
0.0109015
0.0159403
2.02797e-05
0.0108366
0.0159828
5.97993e-05
0.0107777
0.0155553
9.56989e-05
0.0107252
0.0148394
0.000106783
0.0106906
0.0140641
8.78286e-05
0.0106787
0.0133593
6.34314e-05
0.0106856
0.0128413
4.26815e-05
0.010714
0.0124932
1.86637e-05
0.0107539
0.0122823
3.77842e-06
0.0107962
0.012164
-4.59944e-06
0.0108342
0.0120861
-7.82516e-06
0.0108642
0.012013
-6.9598e-06
0.0108858
0.0119143
-4.28022e-06
0.0108999
0.0117841
-8.38881e-07
0.010909
0.0116168
1.3162e-06
0.0109152
0.0114279
2.58329e-06
0.0109208
0.0112222
1.84761e-06
0.0109269
0.0110194
6.74325e-07
0.0109345
0.0108201
-1.54965e-06
0.0109434
0.0106367
-3.32397e-06
0.0109535
0.0104637
-5.31525e-06
0.0109641
0.0103082
-6.86933e-06
0.0109746
0.0101604
-7.81045e-06
0.010985
0.0100256
-8.82154e-06
0.0109944
0.00989409
-8.73282e-06
0.0110035
0.0097705
-9.17721e-06
0.0110113
0.00964745
-8.51094e-06
0.0110189
0.00952926
-8.93777e-06
0.0110254
0.00941051
-8.36158e-06
0.0110316
0.00929632
-8.92889e-06
0.011037
0.00918047
-8.79731e-06
0.0110421
0.00907094
-9.2738e-06
0.0110467
0.00895867
-9.77775e-06
0.0110508
0.00885481
-9.70709e-06
0.0110548
0.00874739
-1.06403e-05
0.0110582
0.00864931
-1.01616e-05
0.0110616
0.00854886
-1.08792e-05
0.0110649
0.00845371
-1.11244e-05
0.0110676
0.00836338
-1.02125e-05
0.0110715
0.00826607
-1.25145e-05
0.0110739
0.00818966
-6.3321e-06
0.0110785
0.00808507
-9.33071e-06
0.0110852
0.00802556
1.44049e-05
0.0110991
0.00788749
3.72095e-05
0.011136
0.0078271
0.000209766
0.00746658
0.000642085
0.0110343
0.0137857
-0.000219167
0.0110703
0.0140928
-5.587e-05
0.0110416
0.0147785
-1.90141e-05
0.0109713
0.0154765
-7.18326e-06
0.0109016
0.0159403
2.02746e-05
0.0108366
0.0159828
5.95002e-05
0.0107777
0.0155552
9.56805e-05
0.0107252
0.0148394
0.000107042
0.0106906
0.0140641
8.80357e-05
0.0106787
0.0133594
6.3325e-05
0.0106856
0.0128414
4.24524e-05
0.010714
0.0124931
1.84531e-05
0.0107539
0.0122822
3.85265e-06
0.0107962
0.0121639
-4.3762e-06
0.0108341
0.0120861
-7.60184e-06
0.0108642
0.0120131
-7.01848e-06
0.0108858
0.0119144
-4.50247e-06
0.0109
0.0117841
-9.75354e-07
0.010909
0.0116168
1.33048e-06
0.0109152
0.0114279
2.72194e-06
0.0109208
0.0112222
1.98049e-06
0.0109269
0.0110195
7.29594e-07
0.0109345
0.0108202
-1.58888e-06
0.0109434
0.0106367
-3.48824e-06
0.0109535
0.0104637
-5.37001e-06
0.0109641
0.0103081
-6.81238e-06
0.0109746
0.0101604
-7.72258e-06
0.010985
0.0100256
-8.61527e-06
0.0109944
0.00989412
-8.7224e-06
0.0110035
0.00977053
-9.23087e-06
0.0110113
0.00964747
-8.64772e-06
0.0110189
0.00952923
-9.0541e-06
0.0110254
0.00941044
-8.44924e-06
0.0110316
0.00929624
-8.88969e-06
0.0110371
0.00918039
-8.71287e-06
0.0110421
0.00907087
-9.12232e-06
0.0110467
0.00895867
-9.70827e-06
0.0110508
0.0088548
-9.71656e-06
0.0110547
0.00874742
-1.07437e-05
0.0110582
0.00864927
-1.03181e-05
0.0110615
0.0085488
-1.09674e-05
0.0110649
0.00845371
-1.12325e-05
0.0110677
0.0083633
-1.02463e-05
0.0110715
0.00826599
-1.24696e-05
0.0110739
0.00818962
-6.3042e-06
0.0110785
0.00808508
-9.32164e-06
0.0110852
0.00802552
1.44071e-05
0.011099
0.00788748
3.71001e-05
0.011136
0.00782701
0.000209645
0.00746651
0.000641992
0.0110343
0.0137857
-0.000219166
0.0110703
0.0140928
-5.58796e-05
0.0110417
0.0147785
-1.90456e-05
0.0109713
0.0154765
-7.12798e-06
0.0109015
0.0159404
2.04495e-05
0.0108367
0.0159829
5.93851e-05
0.0107778
0.0155553
9.53787e-05
0.0107252
0.0148393
0.000107044
0.0106906
0.0140641
8.82005e-05
0.0106787
0.0133594
6.36254e-05
0.0106855
0.0128415
4.25738e-05
0.010714
0.0124932
1.81204e-05
0.0107539
0.0122822
3.63071e-06
0.0107963
0.0121639
-4.39219e-06
0.0108342
0.012086
-7.39915e-06
0.0108642
0.0120131
-6.76635e-06
0.0108858
0.0119144
-4.55809e-06
0.0109
0.0117842
-1.10285e-06
0.0109091
0.0116168
1.15268e-06
0.0109152
0.0114278
2.71277e-06
0.0109208
0.0112221
2.06785e-06
0.0109269
0.0110194
8.61967e-07
0.0109345
0.0108202
-1.48686e-06
0.0109434
0.0106368
-3.52869e-06
0.0109534
0.0104637
-5.52593e-06
0.0109641
0.0103081
-6.90551e-06
0.0109746
0.0101603
-7.78542e-06
0.010985
0.0100256
-8.53318e-06
0.0109944
0.00989408
-8.56022e-06
0.0110035
0.00977053
-9.20348e-06
0.0110113
0.00964749
-8.65013e-06
0.0110189
0.00952926
-9.18943e-06
0.0110253
0.00941043
-8.6001e-06
0.0110316
0.00929619
-9.0493e-06
0.0110371
0.00918033
-8.76632e-06
0.0110421
0.00907078
-9.09277e-06
0.0110467
0.00895862
-9.57662e-06
0.0110508
0.00885476
-9.59548e-06
0.0110547
0.00874743
-1.06647e-05
0.0110582
0.00864932
-1.03774e-05
0.0110615
0.00854878
-1.10305e-05
0.0110648
0.00845372
-1.13054e-05
0.0110677
0.00836333
-1.03731e-05
0.0110715
0.00826593
-1.25116e-05
0.0110739
0.00818958
-6.34001e-06
0.0110785
0.00808503
-9.28503e-06
0.0110853
0.00802552
1.43991e-05
0.0110991
0.00788747
3.72397e-05
0.011136
0.00782704
0.000209782
0.00746647
0.000642134
0.0110343
0.0137857
-0.000219154
0.0110703
0.0140929
-5.58792e-05
0.0110417
0.0147784
-1.90779e-05
0.0109713
0.0154764
-7.16955e-06
0.0109015
0.0159403
2.0621e-05
0.0108366
0.0159829
5.96089e-05
0.0107778
0.0155554
9.51968e-05
0.0107253
0.0148393
0.000106782
0.0106907
0.014064
8.81248e-05
0.0106787
0.0133593
6.39298e-05
0.0106855
0.0128414
4.28722e-05
0.0107139
0.0124933
1.81067e-05
0.0107539
0.0122823
3.39741e-06
0.0107963
0.0121639
-4.61756e-06
0.0108342
0.012086
-7.488e-06
0.0108642
0.012013
-6.55391e-06
0.0108858
0.0119144
-4.34046e-06
0.0108999
0.0117842
-1.10829e-06
0.010909
0.0116168
1.06929e-06
0.0109152
0.0114279
2.50736e-06
0.0109208
0.0112221
2.03813e-06
0.010927
0.0110193
8.75322e-07
0.0109345
0.0108202
-1.32883e-06
0.0109434
0.0106368
-3.38334e-06
0.0109534
0.0104637
-5.53035e-06
0.0109641
0.0103082
-6.96828e-06
0.0109746
0.0101604
-7.88718e-06
0.010985
0.0100256
-8.61177e-06
0.0109944
0.00989405
-8.40911e-06
0.0110035
0.00977052
-9.01174e-06
0.0110113
0.00964751
-8.45956e-06
0.0110189
0.00952932
-9.03042e-06
0.0110253
0.00941052
-8.57214e-06
0.0110316
0.00929626
-9.07803e-06
0.011037
0.00918039
-8.87317e-06
0.0110421
0.00907079
-9.11738e-06
0.0110467
0.00895859
-9.5394e-06
0.0110508
0.00885475
-9.4343e-06
0.0110547
0.00874739
-1.04541e-05
0.0110582
0.00864939
-1.01968e-05
0.0110615
0.00854881
-1.09693e-05
0.0110648
0.00845373
-1.12153e-05
0.0110676
0.00836342
-1.03926e-05
0.0110715
0.00826599
-1.25613e-05
0.0110738
0.00818958
-6.36955e-06
0.0110785
0.00808509
-9.38944e-06
0.0110852
0.00802557
1.43231e-05
0.0110991
0.00788749
3.72637e-05
0.011136
0.00782706
0.000209828
0.0074665
0.000642205
0.0110343
-0.000219131
0.0110703
-5.58654e-05
0.0110417
-1.90771e-05
0.0109713
-7.28608e-06
0.0109015
2.05303e-05
0.0108366
5.98947e-05
0.0107778
9.54084e-05
0.0107253
0.000106624
0.0106907
8.79043e-05
0.0106787
6.38588e-05
0.0106855
4.29307e-05
0.0107139
1.84643e-05
0.0107539
3.48951e-06
0.0107962
-4.74415e-06
0.0108342
-7.74326e-06
0.0108643
-6.6714e-06
0.0108858
-4.14627e-06
0.0108999
-9.31576e-07
0.010909
1.16316e-06
0.0109152
2.44664e-06
0.0109208
1.86922e-06
0.010927
7.79561e-07
0.0109345
-1.38227e-06
0.0109434
-3.23452e-06
0.0109534
-5.40807e-06
0.0109641
-6.93675e-06
0.0109746
-7.92963e-06
0.010985
-8.8098e-06
0.0109944
-8.58561e-06
0.0110035
-9.02782e-06
0.0110113
-8.44548e-06
0.0110189
-8.91823e-06
0.0110253
-8.47943e-06
0.0110316
-9.05783e-06
0.011037
-8.94818e-06
0.0110421
-9.30604e-06
0.0110467
-9.69004e-06
0.0110508
-9.58736e-06
0.0110548
-1.04363e-05
0.0110582
-1.01057e-05
0.0110615
-1.08456e-05
0.0110648
-1.11212e-05
0.0110676
-1.02503e-05
0.0110715
-1.25346e-05
0.0110739
-6.31668e-06
0.0110785
-9.3642e-06
0.0110853
1.43552e-05
0.0110991
3.71281e-05
0.011136
0.000209736
0.000642124
0.0136866
0.0173592
0.0136308
0.0159635
0.0136116
0.014336
0.0136043
0.0128766
0.0136248
0.0118059
0.0136848
0.0110904
0.0137802
0.0107806
0.0138868
0.0106627
0.0139746
0.0107178
0.0140383
0.010764
0.0140813
0.010777
0.0140998
0.0107209
0.0141033
0.0105767
0.0140986
0.010368
0.0140908
0.0101228
0.014084
0.0098719
0.0140799
0.00963575
0.014079
0.00942878
0.0140803
0.00925257
0.0140827
0.00910751
0.0140845
0.00898306
0.0140852
0.00887655
0.0140838
0.00877438
0.0140806
0.00867956
0.0140753
0.00857939
0.0140684
0.00848149
0.0140605
0.00837661
0.0140516
0.00827402
0.014043
0.00816721
0.0140339
0.00806383
0.0140254
0.00796003
0.0140165
0.00785936
0.0140081
0.0077617
0.0139991
0.00766513
0.0139902
0.00757458
0.0139809
0.00748235
0.0139711
0.00739757
0.0139614
0.00731017
0.0139509
0.00722922
0.0139407
0.00714706
0.0139299
0.00706789
0.0139188
0.00699176
0.0139085
0.00691275
0.013896
0.00684381
0.0138896
0.0067637
0.0138802
0.0067016
0.0138945
0.00662153
0.0139316
0.00655705
0.0141413
0.00646973
0.00639633
0.0136866
0.0173592
0.0136308
0.0159635
0.0136117
0.014336
0.0136044
0.0128767
0.0136246
0.0118059
0.0136845
0.01109
0.0137803
0.0107805
0.0138871
0.010663
0.0139749
0.010718
0.0140382
0.0107639
0.014081
0.0107768
0.0140996
0.0107207
0.0141034
0.0105768
0.0140988
0.0103682
0.014091
0.010123
0.014084
0.00987189
0.0140797
0.00963562
0.0140788
0.00942866
0.0140802
0.0092525
0.0140828
0.00910759
0.0140847
0.00898314
0.0140854
0.00887664
0.0140838
0.00877438
0.0140804
0.00867947
0.0140751
0.00857934
0.0140683
0.00848144
0.0140606
0.00837664
0.0140518
0.00827413
0.0140431
0.00816725
0.0140338
0.00806385
0.0140252
0.00795997
0.0140162
0.0078593
0.0140079
0.00776162
0.013999
0.00766512
0.0139903
0.00757458
0.0139811
0.00748242
0.0139713
0.00739763
0.0139616
0.00731019
0.0139509
0.00722919
0.0139406
0.00714699
0.0139297
0.00706783
0.0139186
0.00699168
0.0139084
0.00691269
0.013896
0.00684375
0.0138897
0.00676367
0.0138803
0.00670162
0.0138946
0.00662164
0.0139318
0.00655702
0.0141414
0.0064697
0.0063963
0.0136866
0.0173592
0.0136307
0.0159635
0.0136118
0.0143359
0.0136046
0.0128768
0.0136248
0.0118062
0.0136842
0.01109
0.01378
0.0107801
0.0138871
0.0106629
0.0139751
0.0107182
0.0140385
0.0107641
0.014081
0.0107769
0.0140993
0.0107205
0.0141032
0.0105766
0.0140988
0.0103682
0.0140913
0.0101231
0.0140843
0.00987209
0.0140797
0.00963564
0.0140787
0.00942861
0.01408
0.00925235
0.0140827
0.00910752
0.0140848
0.00898315
0.0140856
0.00887673
0.014084
0.0087745
0.0140804
0.00867947
0.0140749
0.0085793
0.0140681
0.00848137
0.0140604
0.00837655
0.0140519
0.00827414
0.0140433
0.00816729
0.014034
0.00806389
0.0140254
0.00795999
0.0140162
0.00785925
0.0140077
0.00776155
0.0139988
0.007665
0.0139901
0.0075745
0.013981
0.00748235
0.0139714
0.00739766
0.0139618
0.00731023
0.0139511
0.00722923
0.0139407
0.00714701
0.0139297
0.0070678
0.0139184
0.00699164
0.0139081
0.00691262
0.0138957
0.00684369
0.0138894
0.00676358
0.0138802
0.00670158
0.0138946
0.00662157
0.0139319
0.00655705
0.0141416
0.00646972
0.00639632
0.0136866
0.0173592
0.0136307
0.0159635
0.0136116
0.0143359
0.0136046
0.0128767
0.0136251
0.0118064
0.0136844
0.0110903
0.0137797
0.01078
0.0138868
0.0106626
0.013975
0.0107181
0.0140388
0.0107643
0.0140813
0.0107773
0.0140994
0.0107205
0.014103
0.0105764
0.0140986
0.010368
0.0140912
0.010123
0.0140845
0.0098722
0.01408
0.00963579
0.0140788
0.0094287
0.0140799
0.00925234
0.0140825
0.0091074
0.0140846
0.00898308
0.0140855
0.00887667
0.0140841
0.00877458
0.0140806
0.00867958
0.0140751
0.00857934
0.0140681
0.00848141
0.0140602
0.0083765
0.0140517
0.00827407
0.0140432
0.00816732
0.0140341
0.00806394
0.0140256
0.00796011
0.0140164
0.00785935
0.0140078
0.00776162
0.0139987
0.00766503
0.0139898
0.00757447
0.0139808
0.00748231
0.0139713
0.00739762
0.0139618
0.00731028
0.0139513
0.00722928
0.013941
0.00714709
0.01393
0.00706787
0.0139187
0.00699171
0.0139083
0.00691265
0.0138957
0.00684372
0.0138893
0.00676356
0.0138799
0.00670154
0.0138943
0.0066215
0.0139315
0.00655708
0.0141413
0.00646974
0.00639634
0.0136866
0.0136307
0.0136116
0.0136044
0.0136251
0.0136847
0.0137798
0.0138865
0.0139747
0.0140386
0.0140815
0.0140997
0.0141031
0.0140984
0.0140909
0.0140843
0.0140801
0.0140791
0.0140801
0.0140825
0.0140845
0.0140853
0.014084
0.0140807
0.0140752
0.0140682
0.0140603
0.0140515
0.014043
0.014034
0.0140256
0.0140166
0.014008
0.0139989
0.0139899
0.0139806
0.013971
0.0139615
0.0139511
0.0139409
0.01393
0.0139189
0.0139085
0.0138959
0.0138895
0.0138802
0.0138945
0.0139317
0.0141415
)
;

boundaryField
{
    inlet
    {
        type            calculated;
        value           nonuniform List<scalar> 
25
(
-0.00154508
-0.00154508
-0.00154508
-0.00154508
-0.00154508
-0.00463525
-0.00463525
-0.00463525
-0.00463525
-0.00463525
-0.00772542
-0.00772542
-0.00772542
-0.00772542
-0.00772542
-0.0108156
-0.0108156
-0.0108156
-0.0108156
-0.0108156
-0.0139058
-0.0139058
-0.0139058
-0.0139058
-0.0139058
)
;
    }
    outlet
    {
        type            calculated;
        value           nonuniform List<scalar> 
25
(
0.0012771
0.00127701
0.00127686
0.00127687
0.00127703
0.00400961
0.00400965
0.00400977
0.00400962
0.00400964
0.00742489
0.00742494
0.00742499
0.00742492
0.00742476
0.0111319
0.0111319
0.0111318
0.0111319
0.0111318
0.0147834
0.0147834
0.0147837
0.0147835
0.0147836
)
;
    }
    side1
    {
        type            cyclicAMI;
        value           nonuniform List<scalar> 
250
(
-0.00255409
-0.00607959
-0.00989678
-0.0137857
-0.0173592
-0.00249675
-0.00614356
-0.00992132
-0.0140929
-0.0159635
-0.00241181
-0.00624157
-0.00965724
-0.0147785
-0.0143359
-0.00232914
-0.0064244
-0.00947985
-0.0154764
-0.0128765
-0.00227387
-0.00656237
-0.00940543
-0.0159402
-0.0118062
-0.00226374
-0.00657971
-0.00944302
-0.0159828
-0.0110905
-0.0023137
-0.00642889
-0.00963976
-0.0155554
-0.0107803
-0.00240367
-0.00617984
-0.00994157
-0.0148394
-0.0106625
-0.00248965
-0.00593891
-0.0102536
-0.014064
-0.0107178
-0.00252852
-0.00577335
-0.0104891
-0.0133592
-0.0107642
-0.00249191
-0.00571529
-0.0105494
-0.0128413
-0.0107774
-0.0023975
-0.00575666
-0.0104406
-0.0124933
-0.0107208
-0.00228487
-0.00586228
-0.010211
-0.0122824
-0.0105765
-0.00218784
-0.00599084
-0.00992872
-0.012164
-0.0103679
-0.0021257
-0.00610482
-0.00964993
-0.012086
-0.0101228
-0.00210079
-0.00617497
-0.00941174
-0.0120129
-0.00987209
-0.00210869
-0.00619112
-0.00922615
-0.0119143
-0.00963584
-0.00213679
-0.00615576
-0.00909145
-0.0117842
-0.00942881
-0.00217509
-0.00608616
-0.00899333
-0.0116169
-0.00925246
-0.00220984
-0.00599827
-0.00891681
-0.0114279
-0.0091074
-0.00223575
-0.00591037
-0.00884665
-0.0112222
-0.00898302
-0.00224564
-0.00582905
-0.00877291
-0.0110193
-0.00887657
-0.0022431
-0.00576162
-0.00868922
-0.0108201
-0.00877451
-0.0022272
-0.00570361
-0.00859452
-0.0106368
-0.00867963
-0.00220608
-0.00565559
-0.00848919
-0.0104637
-0.0085794
-0.00217944
-0.0056098
-0.00837782
-0.0103082
-0.00848147
-0.00215463
-0.00556655
-0.00826158
-0.0101604
-0.00837654
-0.00212868
-0.0055191
-0.00814673
-0.0100256
-0.00827401
-0.00210661
-0.00547038
-0.00803137
-0.00989405
-0.00816726
-0.00208401
-0.00541528
-0.00792158
-0.00977048
-0.00806391
-0.00206381
-0.00535903
-0.00781285
-0.00964747
-0.00796009
-0.00204302
-0.00529788
-0.0077106
-0.0095293
-0.00785941
-0.00202329
-0.00523768
-0.00760975
-0.00941055
-0.00776167
-0.0020027
-0.00517514
-0.00751465
-0.00929632
-0.0076651
-0.00198314
-0.00511533
-0.00742159
-0.00918046
-0.00757449
-0.00196268
-0.00505591
-0.00733237
-0.00907088
-0.00748228
-0.00194351
-0.00499891
-0.00724696
-0.0089586
-0.00739756
-0.00192427
-0.00494572
-0.0071627
-0.00885479
-0.0073102
-0.00190509
-0.00489142
-0.00708398
-0.00874735
-0.00722929
-0.00188719
-0.00484514
-0.00700506
-0.00864937
-0.00714708
-0.00186831
-0.00479162
-0.00692955
-0.00854885
-0.00706792
-0.00185271
-0.00475264
-0.00685723
-0.00845371
-0.00699177
-0.00183563
-0.00469906
-0.00678177
-0.00836342
-0.00691273
-0.00182195
-0.00466474
-0.00671642
-0.00826608
-0.00684379
-0.00180105
-0.00461052
-0.0066399
-0.00818962
-0.00676362
-0.0017869
-0.00457901
-0.00657882
-0.00808507
-0.00670152
-0.00174696
-0.0044985
-0.00649083
-0.0080256
-0.00662148
-0.00174457
-0.00446434
-0.00640623
-0.00788752
-0.00655702
-0.0016203
-0.00427009
-0.00625009
-0.00782711
-0.00646969
-0.00148331
-0.00394263
-0.00587678
-0.00746655
-0.00639634
)
;
    }
    side2
    {
        type            cyclicAMI;
        value           nonuniform List<scalar> 
250
(
0.00255409
0.00607959
0.00989679
0.0137857
0.0173592
0.00249675
0.00614356
0.00992133
0.0140929
0.0159636
0.00241182
0.00624157
0.00965725
0.0147785
0.0143359
0.00232914
0.0064244
0.00947986
0.0154764
0.0128765
0.00227387
0.00656238
0.00940544
0.0159402
0.0118062
0.00226374
0.00657972
0.00944303
0.0159828
0.0110906
0.0023137
0.00642889
0.00963977
0.0155554
0.0107803
0.00240368
0.00617985
0.00994158
0.0148394
0.0106625
0.00248965
0.00593891
0.0102536
0.0140641
0.0107178
0.00252852
0.00577336
0.0104891
0.0133592
0.0107642
0.00249191
0.00571529
0.0105494
0.0128413
0.0107774
0.0023975
0.00575666
0.0104406
0.0124933
0.0107208
0.00228487
0.00586228
0.010211
0.0122824
0.0105765
0.00218784
0.00599084
0.00992873
0.012164
0.0103679
0.0021257
0.00610483
0.00964993
0.012086
0.0101228
0.00210079
0.00617497
0.00941174
0.0120129
0.0098721
0.00210869
0.00619112
0.00922616
0.0119143
0.00963585
0.00213679
0.00615576
0.00909146
0.0117842
0.00942881
0.00217509
0.00608617
0.00899334
0.0116169
0.00925247
0.00220984
0.00599828
0.00891681
0.0114279
0.0091074
0.00223575
0.00591037
0.00884666
0.0112222
0.00898303
0.00224564
0.00582906
0.00877292
0.0110194
0.00887657
0.0022431
0.00576162
0.00868922
0.0108201
0.00877452
0.0022272
0.00570361
0.00859453
0.0106368
0.00867964
0.00220609
0.00565559
0.0084892
0.0104637
0.00857941
0.00217944
0.00560981
0.00837783
0.0103082
0.00848147
0.00215463
0.00556655
0.00826159
0.0101604
0.00837654
0.00212868
0.00551911
0.00814673
0.0100256
0.00827401
0.00210661
0.00547038
0.00803137
0.00989406
0.00816726
0.00208401
0.00541528
0.00792159
0.00977049
0.00806392
0.00206381
0.00535904
0.00781286
0.00964748
0.00796009
0.00204302
0.00529788
0.00771061
0.00952931
0.00785942
0.00202329
0.00523768
0.00760976
0.00941055
0.00776167
0.0020027
0.00517515
0.00751466
0.00929632
0.0076651
0.00198314
0.00511533
0.0074216
0.00918046
0.00757449
0.00196268
0.00505591
0.00733238
0.00907088
0.00748228
0.00194351
0.00499892
0.00724696
0.0089586
0.00739756
0.00192427
0.00494572
0.0071627
0.00885479
0.0073102
0.00190509
0.00489142
0.00708399
0.00874736
0.00722929
0.00188719
0.00484515
0.00700507
0.00864938
0.00714709
0.00186831
0.00479162
0.00692956
0.00854886
0.00706793
0.00185271
0.00475264
0.00685723
0.00845372
0.00699178
0.00183563
0.00469907
0.00678178
0.00836343
0.00691273
0.00182195
0.00466474
0.00671642
0.00826608
0.00684379
0.00180105
0.00461052
0.00663991
0.00818962
0.00676362
0.00178691
0.00457901
0.00657883
0.00808508
0.00670152
0.00174697
0.0044985
0.00649084
0.0080256
0.00662148
0.00174457
0.00446435
0.00640623
0.00788752
0.00655702
0.0016203
0.00427009
0.00625009
0.00782711
0.0064697
0.00148331
0.00394263
0.00587679
0.00746656
0.00639635
)
;
    }
    walls
    {
        type            calculated;
        value           uniform 0;
    }
}


// ************************************************************************* //
