/*--------------------------------*- C++ -*----------------------------------*\
| =========                 |                                                 |
| \\      /  F ield         | OpenFOAM: The Open Source CFD Toolbox           |
|  \\    /   O peration     | Version:  v2006                                 |
|   \\  /    A nd           | Website:  www.openfoam.com                      |
|    \\/     M anipulation  |                                                 |
\*---------------------------------------------------------------------------*/
FoamFile
{
    version     2.0;
    format      ascii;
    class       volVectorField;
    location    "227";
    object      U;
}
// * * * * * * * * * * * * * * * * * * * * * * * * * * * * * * * * * * * * * //

dimensions      [0 1 -1 0 0 0 0];


internalField   nonuniform List<vector> 
1250
(
(0.999789 0.102538 0.0788414)
(1.0016 0.100103 0.0772534)
(1.00405 0.0944353 0.0777399)
(1.00678 0.0907025 0.0757571)
(1.0115 0.0899239 0.072069)
(1.01289 0.0932046 0.0666807)
(1.01102 0.0995275 0.0622805)
(1.00671 0.105587 0.0616898)
(1.00243 0.108652 0.0648756)
(0.998168 0.107405 0.0699399)
(0.993947 0.102053 0.0741524)
(0.989034 0.0950273 0.0756919)
(0.985352 0.0888188 0.074537)
(0.981847 0.0848648 0.0716226)
(0.980093 0.0835489 0.0680821)
(0.978089 0.0843692 0.0648069)
(0.977172 0.0865627 0.0624687)
(0.975181 0.0891691 0.0613011)
(0.973963 0.0915526 0.0613189)
(0.971483 0.0931492 0.0621145)
(0.96992 0.0938958 0.0633186)
(0.967135 0.0937262 0.0644039)
(0.965464 0.0929956 0.0651908)
(0.962611 0.091814 0.0654482)
(0.961 0.0905866 0.0653194)
(0.958222 0.0893037 0.0647911)
(0.956778 0.0882405 0.064118)
(0.954141 0.087209 0.0633039)
(0.952793 0.0863933 0.0625256)
(0.9503 0.0855429 0.0617508)
(0.948956 0.0847954 0.0610392)
(0.946611 0.083991 0.0603564)
(0.945323 0.0832117 0.0597293)
(0.943222 0.0823859 0.0590923)
(0.942085 0.0815776 0.0585205)
(0.940379 0.0807397 0.05791)
(0.939427 0.0799434 0.057355)
(0.938268 0.0791391 0.0568056)
(0.937482 0.0783664 0.056217)
(0.936902 0.0775917 0.0557396)
(0.936163 0.0768631 0.0551169)
(0.936055 0.0761689 0.0547273)
(0.935433 0.0755014 0.0541762)
(0.935471 0.0748972 0.0538304)
(0.934972 0.0740613 0.0531792)
(0.934506 0.0733425 0.0529536)
(0.933477 0.0717221 0.0517621)
(0.927801 0.0714477 0.0519253)
(0.920903 0.0635844 0.0520322)
(0.84115 0.0561279 0.0504782)
(0.999789 0.121882 0.0432966)
(1.0016 0.119077 0.0425388)
(1.00405 0.113836 0.044753)
(1.00678 0.109673 0.0440205)
(1.0115 0.107793 0.0407537)
(1.01289 0.109248 0.0346152)
(1.01102 0.113902 0.0284764)
(1.00671 0.119482 0.0260424)
(1.00243 0.123382 0.028125)
(0.998168 0.123761 0.033327)
(0.993947 0.119973 0.0389869)
(0.989034 0.113766 0.0426225)
(0.985352 0.107505 0.0434423)
(0.981847 0.102844 0.0418925)
(0.980093 0.100498 0.0389321)
(0.978089 0.100267 0.0355638)
(0.977172 0.10163 0.0326618)
(0.975181 0.103748 0.0307461)
(0.973963 0.10602 0.0300265)
(0.971483 0.107784 0.0302897)
(0.96992 0.108867 0.031204)
(0.967135 0.109041 0.0322887)
(0.965464 0.108589 0.0332623)
(0.962612 0.107545 0.033871)
(0.961002 0.106337 0.0341263)
(0.958225 0.104954 0.0340185)
(0.956783 0.103735 0.0337046)
(0.954147 0.102503 0.0332468)
(0.952801 0.101486 0.032756)
(0.95031 0.100438 0.0322787)
(0.948968 0.0995075 0.0318295)
(0.946624 0.0985317 0.0314269)
(0.945337 0.0975973 0.0310689)
(0.943236 0.0966149 0.0307182)
(0.9421 0.0956713 0.0304241)
(0.940394 0.094685 0.0301029)
(0.939442 0.0937574 0.0298247)
(0.938282 0.0928221 0.0295495)
(0.937494 0.0919031 0.0292319)
(0.936915 0.0910233 0.0290159)
(0.936176 0.090136 0.028655)
(0.936066 0.0893504 0.0285049)
(0.935444 0.0885517 0.0281828)
(0.935486 0.0878664 0.0280453)
(0.93498 0.0868687 0.0276566)
(0.934507 0.0861233 0.0276348)
(0.933472 0.0842246 0.0269782)
(0.927799 0.0840229 0.0272178)
(0.920901 0.076582 0.0297552)
(0.841149 0.069 0.030616)
(0.999789 0.129296 0.0035139)
(1.0016 0.126394 0.00366008)
(1.00405 0.122094 0.00738544)
(1.00678 0.117909 0.00797484)
(1.0115 0.115111 0.00544933)
(1.01289 0.114598 -0.000838322)
(1.01102 0.117127 -0.0081151)
(1.00671 0.121682 -0.0121543)
(1.00243 0.126034 -0.0113785)
(0.998168 0.128002 -0.00654844)
(0.993947 0.126149 4.97391e-06)
(0.989034 0.121369 0.0053807)
(0.985352 0.115667 0.00809547)
(0.981847 0.110756 0.00806151)
(0.980093 0.10761 0.00597096)
(0.978089 0.106349 0.00283921)
(0.977172 0.106749 -0.000342193)
(0.975181 0.108171 -0.00281868)
(0.973963 0.11011 -0.00420526)
(0.971483 0.111869 -0.00449998)
(0.96992 0.113181 -0.00396488)
(0.967135 0.113682 -0.00298673)
(0.965465 0.113554 -0.00192098)
(0.962612 0.112749 -0.00101908)
(0.961003 0.11168 -0.000402794)
(0.958226 0.110332 -7.70015e-05)
(0.956785 0.109077 1.75332e-06)
(0.954148 0.107765 -5.19117e-05)
(0.952803 0.106648 -0.000203828)
(0.950312 0.105505 -0.000333039)
(0.94897 0.104483 -0.000472125)
(0.946626 0.103431 -0.000553201)
(0.94534 0.102432 -0.000604419)
(0.943239 0.101389 -0.000634538)
(0.942103 0.100401 -0.000621884)
(0.940396 0.0993637 -0.000624674)
(0.939444 0.0983933 -0.000601583)
(0.938284 0.0974187 -0.000574476)
(0.937496 0.0964457 -0.000593936)
(0.936917 0.0955425 -0.00052667)
(0.936178 0.0945854 -0.000594777)
(0.936068 0.093789 -0.000503744)
(0.935443 0.0929281 -0.000558556)
(0.935487 0.092242 -0.0004661)
(0.934982 0.0911745 -0.000553045)
(0.934505 0.0904516 -0.000324667)
(0.933469 0.0884349 -0.000330719)
(0.927793 0.0883268 -3.30668e-05)
(0.920894 0.082043 0.0046823)
(0.841121 0.0750941 0.00783775)
(0.999789 0.124054 -0.0366128)
(1.0016 0.121339 -0.035577)
(1.00405 0.1184 -0.0307051)
(1.00678 0.114602 -0.0288513)
(1.0115 0.111161 -0.0303886)
(1.01289 0.10873 -0.03621)
(1.01102 0.108886 -0.043912)
(1.00671 0.11197 -0.0491613)
(1.00243 0.116349 -0.0497682)
(0.998168 0.119714 -0.0457828)
(0.993947 0.119976 -0.0389774)
(0.989034 0.117092 -0.032388)
(0.985352 0.112508 -0.0280439)
(0.981847 0.107826 -0.0265584)
(0.980093 0.104188 -0.0275747)
(0.978089 0.102021 -0.0301633)
(0.977172 0.101419 -0.0333127)
(0.975181 0.102006 -0.0361075)
(0.973963 0.103421 -0.0380254)
(0.971483 0.105003 -0.0388493)
(0.96992 0.106416 -0.0387458)
(0.967135 0.107195 -0.0379702)
(0.965465 0.107402 -0.0369167)
(0.962612 0.106916 -0.0358101)
(0.961003 0.10609 -0.0348936)
(0.958226 0.104908 -0.0341666)
(0.956784 0.103739 -0.0337032)
(0.954148 0.102474 -0.033348)
(0.952802 0.101365 -0.0331466)
(0.95031 0.100238 -0.0329155)
(0.948968 0.0992226 -0.0327307)
(0.946624 0.098197 -0.0324827)
(0.945337 0.0972321 -0.0322219)
(0.943236 0.0962307 -0.0319288)
(0.9421 0.0952936 -0.0316097)
(0.940393 0.0943077 -0.0312934)
(0.939441 0.0933909 -0.0309723)
(0.938281 0.0924733 -0.0306442)
(0.937493 0.0915416 -0.0303643)
(0.936914 0.0907037 -0.0300187)
(0.936175 0.0897707 -0.0297896)
(0.936066 0.0890459 -0.029462)
(0.935441 0.0882058 -0.0292487)
(0.935481 0.0875854 -0.0289424)
(0.934978 0.0865443 -0.0286972)
(0.934501 0.0859234 -0.0282677)
(0.933465 0.084007 -0.0276116)
(0.927792 0.0839931 -0.027292)
(0.920891 0.0794897 -0.0208606)
(0.841113 0.0738672 -0.0157187)
(0.999789 0.106668 -0.0731557)
(1.0016 0.104406 -0.0713314)
(1.00405 0.103117 -0.0657901)
(1.00678 0.100078 -0.0628531)
(1.0115 0.0963295 -0.063252)
(1.01289 0.092219 -0.0680375)
(1.01102 0.0899878 -0.0754105)
(1.00671 0.0912985 -0.0813559)
(1.00243 0.0952755 -0.0832864)
(0.998168 0.0997067 -0.0805354)
(0.993947 0.102059 -0.0741441)
(0.989034 0.101352 -0.0669864)
(0.985352 0.0983354 -0.0614384)
(0.981847 0.0943417 -0.0585787)
(0.980092 0.0905678 -0.0584211)
(0.978089 0.0877066 -0.0602133)
(0.977172 0.0861608 -0.0630222)
(0.975181 0.0858557 -0.0658619)
(0.973963 0.086609 -0.0681233)
(0.971483 0.087859 -0.0693957)
(0.96992 0.0892349 -0.0697338)
(0.967135 0.0902148 -0.0692367)
(0.965464 0.0907374 -0.0682984)
(0.962612 0.090617 -0.0670949)
(0.961001 0.0901146 -0.0659677)
(0.958224 0.0892157 -0.0649102)
(0.956781 0.0882471 -0.0641073)
(0.954144 0.0871539 -0.0633774)
(0.952797 0.0861618 -0.062842)
(0.950305 0.0851618 -0.0622727)
(0.948962 0.0842545 -0.0617821)
(0.946616 0.0833562 -0.0612285)
(0.945329 0.0825198 -0.0606815)
(0.943227 0.0816589 -0.0600936)
(0.94209 0.080866 -0.0595004)
(0.940384 0.080027 -0.0588943)
(0.939432 0.0792529 -0.0583076)
(0.938272 0.078482 -0.0577109)
(0.937486 0.0776829 -0.0571597)
(0.936906 0.0769909 -0.0565696)
(0.936167 0.0761746 -0.0560666)
(0.936059 0.0755908 -0.0555339)
(0.935435 0.0748514 -0.0550671)
(0.935472 0.0743475 -0.0545876)
(0.934971 0.073448 -0.0540253)
(0.9345 0.0729944 -0.0534385)
(0.933469 0.0713843 -0.0522175)
(0.927796 0.0714655 -0.0518982)
(0.920891 0.0691662 -0.0443829)
(0.841128 0.065404 -0.0377649)
(0.998979 0.251458 0.177505)
(1.00332 0.255858 0.176958)
(1.00828 0.266398 0.170893)
(1.01143 0.27506 0.174718)
(1.01461 0.276062 0.18522)
(1.01367 0.267228 0.198872)
(1.01005 0.251366 0.207716)
(1.00526 0.236318 0.20698)
(1.00133 0.227471 0.198406)
(0.998547 0.226214 0.185877)
(0.996668 0.231511 0.173583)
(0.994423 0.239924 0.165566)
(0.992702 0.248289 0.163151)
(0.990308 0.254601 0.165536)
(0.988596 0.257818 0.170925)
(0.986036 0.257737 0.177077)
(0.984231 0.255024 0.182201)
(0.981264 0.250663 0.185159)
(0.979312 0.245854 0.185785)
(0.976162 0.241361 0.184401)
(0.974499 0.237736 0.181819)
(0.97165 0.234953 0.178646)
(0.970628 0.232952 0.175593)
(0.968235 0.231324 0.172839)
(0.967788 0.22991 0.170651)
(0.965681 0.228385 0.168811)
(0.965602 0.226723 0.167374)
(0.963587 0.224762 0.165992)
(0.963719 0.222633 0.164727)
(0.96174 0.220228 0.163293)
(0.961997 0.217777 0.161825)
(0.960122 0.215167 0.160152)
(0.960515 0.212642 0.158442)
(0.958842 0.210057 0.156614)
(0.959427 0.207649 0.154779)
(0.958043 0.205239 0.152977)
(0.95888 0.203006 0.151138)
(0.957851 0.200857 0.149512)
(0.958841 0.198758 0.147722)
(0.958208 0.196882 0.146321)
(0.959283 0.194787 0.144588)
(0.958969 0.193197 0.143421)
(0.960056 0.191105 0.141693)
(0.959833 0.189664 0.140714)
(0.960764 0.18743 0.139111)
(0.959982 0.185837 0.138588)
(0.960044 0.181965 0.136987)
(0.954149 0.179773 0.137072)
(0.950412 0.166211 0.139023)
(0.883676 0.145676 0.139047)
(0.998979 0.294003 0.0911122)
(1.00332 0.298019 0.0892327)
(1.00828 0.306168 0.0802082)
(1.01143 0.31559 0.0811683)
(1.01461 0.319789 0.0908461)
(1.01367 0.315603 0.106559)
(1.01005 0.303248 0.119875)
(1.00526 0.288711 0.123825)
(1.00133 0.27765 0.118403)
(0.998547 0.272583 0.106876)
(0.996669 0.273822 0.0935455)
(0.994423 0.279343 0.0833206)
(0.992702 0.286552 0.0784402)
(0.990307 0.293294 0.0787585)
(0.988596 0.29802 0.0828913)
(0.986036 0.299844 0.0887665)
(0.984231 0.298846 0.0944762)
(0.981263 0.295611 0.0986365)
(0.979313 0.291231 0.100718)
(0.976162 0.28653 0.100791)
(0.974499 0.282286 0.0994556)
(0.97165 0.278657 0.0972979)
(0.970628 0.275812 0.0950108)
(0.968235 0.27341 0.0928908)
(0.96779 0.271387 0.091246)
(0.965683 0.269366 0.0899641)
(0.965605 0.26734 0.0891077)
(0.963591 0.265046 0.0883963)
(0.963725 0.262631 0.0878482)
(0.961747 0.259897 0.087222)
(0.962005 0.25711 0.0865801)
(0.960133 0.254109 0.0857932)
(0.960525 0.251178 0.0849439)
(0.958853 0.248152 0.0840074)
(0.959441 0.245297 0.0830089)
(0.958057 0.242452 0.0820362)
(0.958892 0.23976 0.0809827)
(0.957864 0.237216 0.0801018)
(0.958851 0.234664 0.0790512)
(0.958225 0.232452 0.0783014)
(0.959294 0.229926 0.0772916)
(0.958975 0.228047 0.0766782)
(0.960069 0.225523 0.0757051)
(0.959849 0.22386 0.0752072)
(0.960774 0.221245 0.0743591)
(0.959998 0.219567 0.0743586)
(0.960064 0.215384 0.0740371)
(0.95417 0.213314 0.0747906)
(0.950432 0.201015 0.0808181)
(0.883696 0.181532 0.0871901)
(0.998979 0.307769 -0.00419901)
(1.00332 0.311007 -0.00722749)
(1.00828 0.315968 -0.018328)
(1.01143 0.325225 -0.0203257)
(1.01461 0.332212 -0.0124198)
(1.01367 0.333085 0.00381391)
(1.01005 0.325448 0.0202986)
(1.00526 0.312843 0.0285482)
(1.00133 0.300648 0.0268101)
(0.998547 0.292269 0.0174146)
(0.996669 0.289329 0.0043525)
(0.994423 0.291418 -0.00708153)
(0.992702 0.296765 -0.0139494)
(0.990307 0.303275 -0.0157291)
(0.988596 0.309048 -0.0132584)
(0.986036 0.3126 -0.00823339)
(0.984232 0.313415 -0.00249612)
(0.981263 0.311623 0.00245957)
(0.979313 0.3081 0.00579302)
(0.976162 0.303651 0.00731563)
(0.974499 0.299204 0.00735688)
(0.97165 0.295087 0.0064262)
(0.970629 0.291673 0.00513248)
(0.968235 0.288736 0.00385704)
(0.967791 0.286303 0.00291659)
(0.965685 0.283987 0.00232467)
(0.965607 0.281797 0.00213549)
(0.963593 0.279398 0.00216879)
(0.963727 0.276935 0.00239462)
(0.96175 0.274144 0.00264308)
(0.962008 0.271297 0.0028934)
(0.960136 0.268202 0.00307363)
(0.960529 0.265154 0.00317028)
(0.958854 0.261987 0.00321336)
(0.959443 0.258961 0.00315234)
(0.95806 0.255957 0.00310331)
(0.958895 0.25307 0.00293227)
(0.957866 0.25038 0.00288073)
(0.958852 0.247624 0.00267002)
(0.958226 0.245288 0.00264577)
(0.959301 0.242574 0.00246147)
(0.958977 0.240593 0.00244828)
(0.960062 0.23789 0.00232075)
(0.959857 0.236159 0.00236768)
(0.960789 0.2334 0.00234328)
(0.960006 0.231799 0.00285722)
(0.960058 0.227713 0.00385119)
(0.954148 0.225986 0.0052207)
(0.950414 0.216156 0.0147674)
(0.883712 0.199596 0.0268521)
(0.998979 0.291408 -0.0990993)
(1.00332 0.293552 -0.10298)
(1.00828 0.29484 -0.115071)
(1.01143 0.303026 -0.11983)
(1.01461 0.312115 -0.11447)
(1.01367 0.317964 -0.0993034)
(1.01005 0.315793 -0.0812656)
(1.00526 0.306353 -0.0695227)
(1.00133 0.294217 -0.0674078)
(0.998547 0.283345 -0.0737529)
(0.996669 0.276514 -0.0852662)
(0.994423 0.274969 -0.096789)
(0.992702 0.27793 -0.104973)
(0.990308 0.28357 -0.108677)
(0.988596 0.289823 -0.108111)
(0.986036 0.294756 -0.104428)
(0.984232 0.297306 -0.0992241)
(0.981263 0.297132 -0.0939582)
(0.979313 0.294811 -0.0896992)
(0.976163 0.29105 -0.086876)
(0.974499 0.286833 -0.0854614)
(0.97165 0.28263 -0.0850755)
(0.970629 0.278984 -0.0852508)
(0.968236 0.275798 -0.0855545)
(0.96779 0.273195 -0.0856984)
(0.965685 0.270807 -0.0855451)
(0.965608 0.268666 -0.0850459)
(0.963593 0.266392 -0.0842712)
(0.963727 0.26412 -0.0832926)
(0.96175 0.261544 -0.0821929)
(0.962008 0.258912 -0.0810744)
(0.960136 0.256023 -0.079946)
(0.960531 0.253153 -0.0789107)
(0.958856 0.250152 -0.0778947)
(0.959441 0.247252 -0.0770151)
(0.958062 0.244381 -0.0761303)
(0.958896 0.24158 -0.0754067)
(0.957869 0.239007 -0.0746223)
(0.958851 0.236323 -0.0739784)
(0.958225 0.234091 -0.0732715)
(0.959302 0.231461 -0.0726079)
(0.958985 0.229572 -0.0720214)
(0.960062 0.226949 -0.0713135)
(0.959856 0.225323 -0.0707073)
(0.960782 0.222705 -0.0698851)
(0.959999 0.221343 -0.0689096)
(0.960051 0.217769 -0.066708)
(0.95414 0.216541 -0.0648725)
(0.950406 0.210126 -0.0527347)
(0.883681 0.198092 -0.0361126)
(0.998979 0.246522 -0.184299)
(1.00332 0.247361 -0.188652)
(1.00828 0.24485 -0.200551)
(1.01143 0.251164 -0.207605)
(1.01461 0.261464 -0.205314)
(1.01367 0.271715 -0.192698)
(1.01005 0.275225 -0.174876)
(1.00526 0.269875 -0.160789)
(1.00133 0.258986 -0.155026)
(0.998547 0.246684 -0.157701)
(0.996668 0.23663 -0.16654)
(0.994423 0.231604 -0.177021)
(0.992702 0.23189 -0.185721)
(0.990308 0.236108 -0.190987)
(0.988596 0.242229 -0.19238)
(0.986036 0.248057 -0.190402)
(0.984231 0.252092 -0.186239)
(0.981263 0.253556 -0.181178)
(0.979312 0.252664 -0.176411)
(0.976163 0.249959 -0.172564)
(0.974499 0.246384 -0.169914)
(0.97165 0.242506 -0.168248)
(0.970629 0.238984 -0.167287)
(0.968236 0.23586 -0.16659)
(0.967789 0.233339 -0.165922)
(0.965684 0.231115 -0.165037)
(0.965606 0.229233 -0.163901)
(0.963591 0.227308 -0.162461)
(0.963724 0.225448 -0.160825)
(0.961746 0.223339 -0.158982)
(0.962003 0.221183 -0.157104)
(0.960129 0.218785 -0.155138)
(0.960524 0.216379 -0.153266)
(0.95885 0.213841 -0.151373)
(0.959432 0.211353 -0.149646)
(0.958051 0.208898 -0.147911)
(0.958888 0.206459 -0.14636)
(0.95786 0.204254 -0.144815)
(0.958846 0.2019 -0.14338)
(0.958213 0.199993 -0.142019)
(0.959293 0.197701 -0.140569)
(0.958977 0.196089 -0.139425)
(0.960062 0.193808 -0.137948)
(0.959847 0.192449 -0.136874)
(0.960783 0.190214 -0.135279)
(0.959991 0.1892 -0.133953)
(0.960042 0.186489 -0.130754)
(0.954133 0.185897 -0.128625)
(0.950397 0.183576 -0.115098)
(0.883682 0.177297 -0.095564)
(0.99944 0.405906 0.293683)
(0.999393 0.396262 0.309072)
(0.998193 0.373464 0.317701)
(1.00513 0.367687 0.310382)
(1.01192 0.373295 0.296261)
(1.01652 0.389166 0.277638)
(1.01667 0.410554 0.265143)
(1.01346 0.42971 0.26478)
(1.00929 0.442007 0.274729)
(1.00493 0.444651 0.291369)
(1.0006 0.436494 0.307788)
(0.996329 0.422372 0.31785)
(0.992665 0.406227 0.3203)
(0.988942 0.391511 0.316249)
(0.986445 0.380117 0.307922)
(0.984282 0.372533 0.297845)
(0.983719 0.368079 0.287987)
(0.983147 0.365694 0.279668)
(0.984024 0.364141 0.273357)
(0.984175 0.36253 0.268986)
(0.985561 0.36027 0.266055)
(0.985685 0.357147 0.264002)
(0.987084 0.353214 0.262208)
(0.986964 0.348651 0.26033)
(0.988342 0.343719 0.258049)
(0.9881 0.338673 0.255409)
(0.989607 0.33364 0.252325)
(0.9894 0.328824 0.249067)
(0.991158 0.324143 0.245577)
(0.991013 0.319758 0.242157)
(0.993018 0.315478 0.238684)
(0.992877 0.311481 0.235381)
(0.995032 0.307524 0.23214)
(0.994837 0.303811 0.22906)
(0.997061 0.300136 0.226107)
(0.996763 0.296632 0.223248)
(0.998989 0.293232 0.220568)
(0.998623 0.289857 0.217953)
(1.00084 0.286748 0.215451)
(1.00041 0.283502 0.213118)
(1.0026 0.280567 0.210657)
(1.0021 0.277516 0.208622)
(1.0043 0.2746 0.206136)
(1.00372 0.271821 0.204338)
(1.00601 0.268756 0.201966)
(1.0051 0.266062 0.200412)
(1.00745 0.261815 0.198675)
(1.00369 0.257409 0.197446)
(1.00613 0.244375 0.201942)
(0.97162 0.217778 0.206386)
(0.99944 0.476793 0.153877)
(0.999393 0.472376 0.171493)
(0.998192 0.453361 0.186745)
(1.00513 0.4456 0.181569)
(1.01193 0.446576 0.16641)
(1.01652 0.455922 0.143785)
(1.01667 0.472389 0.125295)
(1.01346 0.490494 0.119038)
(1.00929 0.505269 0.124701)
(1.00493 0.512935 0.139702)
(1.0006 0.510248 0.157835)
(0.996329 0.499917 0.171769)
(0.992666 0.485318 0.179094)
(0.988943 0.470073 0.179792)
(0.986444 0.456667 0.175393)
(0.984281 0.446344 0.168147)
(0.98372 0.439059 0.160146)
(0.983147 0.434217 0.152971)
(0.984024 0.430788 0.147452)
(0.984175 0.427905 0.143795)
(0.985561 0.424854 0.141706)
(0.985684 0.421249 0.140716)
(0.987085 0.416954 0.140226)
(0.986963 0.412035 0.139845)
(0.988341 0.406632 0.139201)
(0.988101 0.401017 0.138251)
(0.989607 0.395276 0.136872)
(0.989399 0.389688 0.135265)
(0.991159 0.384159 0.133388)
(0.991013 0.37893 0.131485)
(0.993018 0.373784 0.129504)
(0.992879 0.368959 0.127598)
(0.995034 0.364193 0.125736)
(0.994835 0.359707 0.123956)
(0.997059 0.355297 0.122285)
(0.99677 0.351088 0.120651)
(0.998993 0.347029 0.119151)
(0.998624 0.343013 0.117704)
(1.00084 0.339283 0.116284)
(1.00042 0.335474 0.115071)
(1.00261 0.331928 0.113632)
(1.0021 0.328395 0.112651)
(1.00429 0.324844 0.111178)
(1.00372 0.321646 0.110327)
(1.00601 0.318012 0.109024)
(1.00511 0.314975 0.108387)
(1.00746 0.310402 0.108046)
(1.0037 0.305834 0.108234)
(1.00614 0.294824 0.11653)
(0.971627 0.270911 0.128971)
(0.99944 0.501008 -0.000991153)
(0.999394 0.502251 0.0171276)
(0.998192 0.488879 0.037508)
(1.00513 0.479898 0.0349839)
(1.01193 0.476139 0.0202715)
(1.01652 0.478047 -0.00414057)
(1.01667 0.487988 -0.0268209)
(1.01346 0.503267 -0.0383603)
(1.0093 0.51907 -0.0375351)
(1.00493 0.531003 -0.0256358)
(1.0006 0.534052 -0.00756324)
(0.996329 0.52853 0.00887282)
(0.992666 0.516905 0.0203527)
(0.988943 0.502621 0.0257331)
(0.986445 0.488512 0.0256954)
(0.98428 0.47646 0.0219934)
(0.98372 0.467062 0.0166282)
(0.983147 0.460237 0.011301)
(0.984023 0.455268 0.00711084)
(0.984175 0.451394 0.00452826)
(0.985562 0.447848 0.00348622)
(0.985684 0.444116 0.00365649)
(0.987085 0.43988 0.00451891)
(0.986964 0.435085 0.00567455)
(0.98834 0.429747 0.00672763)
(0.988102 0.424111 0.00756314)
(0.989609 0.418226 0.0080258)
(0.989399 0.412414 0.00822785)
(0.99116 0.406582 0.0081523)
(0.991014 0.401023 0.00795407)
(0.993019 0.395519 0.00765842)
(0.99288 0.390343 0.00733548)
(0.995038 0.385235 0.00703737)
(0.994838 0.380419 0.00672779)
(0.997055 0.375704 0.00650752)
(0.996769 0.371196 0.00625649)
(0.998998 0.366877 0.0060875)
(0.998627 0.362611 0.00594945)
(1.00084 0.358625 0.00574738)
(1.00041 0.354624 0.00577546)
(1.00261 0.350805 0.00549621)
(1.00211 0.347148 0.00565369)
(1.00429 0.343316 0.00536189)
(1.00372 0.340001 0.0055286)
(1.00601 0.336141 0.00541378)
(1.00511 0.333054 0.00575304)
(1.00747 0.328596 0.00684525)
(1.00371 0.324306 0.00843652)
(1.00614 0.316397 0.0197286)
(0.971627 0.297502 0.0389483)
(0.99944 0.47618 -0.155763)
(0.999393 0.482962 -0.138916)
(0.998192 0.476545 -0.1154)
(1.00513 0.467219 -0.115024)
(1.01192 0.459094 -0.127854)
(1.01652 0.453374 -0.151657)
(1.01667 0.455822 -0.17631)
(1.01346 0.46678 -0.192006)
(1.00929 0.482062 -0.1961)
(1.00493 0.49709 -0.188464)
(1.0006 0.505579 -0.172218)
(0.996329 0.505409 -0.15489)
(0.992666 0.497896 -0.140382)
(0.988943 0.485971 -0.130848)
(0.986446 0.47254 -0.126519)
(0.98428 0.459935 -0.126311)
(0.983719 0.449343 -0.128513)
(0.983148 0.441206 -0.131475)
(0.984023 0.435185 -0.133926)
(0.984175 0.430699 -0.135186)
(0.985562 0.427005 -0.135075)
(0.985684 0.423508 -0.13376)
(0.987084 0.419747 -0.131631)
(0.986964 0.415547 -0.129049)
(0.98834 0.410796 -0.126402)
(0.9881 0.405692 -0.123865)
(0.98961 0.400238 -0.121606)
(0.989399 0.394768 -0.119615)
(0.991159 0.389198 -0.117876)
(0.991014 0.383852 -0.116347)
(0.993017 0.378523 -0.114927)
(0.992879 0.373501 -0.113636)
(0.995037 0.36855 -0.112341)
(0.994842 0.363874 -0.111149)
(0.997056 0.359319 -0.109905)
(0.996763 0.354948 -0.108743)
(0.998999 0.35079 -0.107571)
(0.998629 0.346693 -0.106375)
(1.00085 0.342842 -0.105348)
(1.00041 0.339047 -0.104081)
(1.0026 0.335326 -0.103168)
(1.00211 0.331897 -0.101894)
(1.0043 0.32817 -0.100988)
(1.00372 0.32507 -0.0997961)
(1.00601 0.32135 -0.0987266)
(1.00511 0.318522 -0.0974446)
(1.00747 0.314624 -0.0950219)
(1.00371 0.311038 -0.0921794)
(1.00615 0.307 -0.0789923)
(0.971621 0.294958 -0.0548695)
(0.99944 0.404741 -0.295287)
(0.999393 0.416396 -0.281358)
(0.998192 0.417561 -0.257014)
(1.00513 0.408811 -0.253776)
(1.01192 0.397111 -0.263466)
(1.01652 0.384315 -0.284324)
(1.01667 0.379035 -0.308536)
(1.01346 0.384604 -0.326858)
(1.00929 0.397867 -0.335472)
(1.00493 0.414516 -0.332844)
(1.0006 0.427613 -0.320017)
(0.996329 0.432814 -0.303486)
(0.992665 0.430151 -0.287372)
(0.988943 0.421751 -0.274623)
(0.986446 0.410313 -0.266355)
(0.984281 0.398389 -0.262255)
(0.983719 0.387638 -0.261071)
(0.983148 0.378986 -0.261378)
(0.984023 0.372502 -0.26185)
(0.984174 0.367845 -0.261667)
(0.985562 0.364362 -0.260418)
(0.985685 0.361445 -0.258084)
(0.987084 0.358524 -0.254895)
(0.986964 0.355329 -0.251139)
(0.988341 0.351631 -0.247155)
(0.988099 0.347557 -0.243166)
(0.989609 0.343068 -0.239334)
(0.9894 0.338479 -0.235755)
(0.991158 0.333717 -0.232375)
(0.991015 0.329108 -0.229264)
(0.993018 0.32448 -0.226268)
(0.992877 0.320104 -0.223486)
(0.995035 0.315797 -0.220728)
(0.994841 0.31172 -0.21815)
(0.997061 0.307772 -0.215567)
(0.99676 0.303973 -0.21311)
(0.998993 0.300377 -0.210708)
(0.998628 0.296853 -0.208303)
(1.00085 0.293509 -0.206126)
(1.00041 0.290293 -0.203759)
(1.00259 0.28704 -0.201729)
(1.00211 0.284163 -0.199463)
(1.0043 0.280899 -0.197457)
(1.00372 0.278331 -0.195359)
(1.00601 0.275124 -0.193188)
(1.00511 0.272818 -0.191106)
(1.00746 0.26986 -0.187597)
(1.0037 0.267332 -0.183792)
(1.00613 0.26757 -0.17001)
(0.971598 0.263583 -0.143351)
(1.00363 0.572413 0.399439)
(1.02687 0.617893 0.363297)
(1.02397 0.661551 0.362258)
(1.01816 0.684219 0.391166)
(1.01092 0.683698 0.43183)
(1.0049 0.659066 0.469399)
(0.999009 0.618218 0.488812)
(0.994009 0.575824 0.485498)
(0.98951 0.541012 0.466638)
(0.9874 0.51781 0.437863)
(0.987255 0.507853 0.406958)
(0.988778 0.504716 0.381304)
(0.992255 0.505653 0.361854)
(0.996201 0.507329 0.349355)
(1.00015 0.507292 0.342689)
(1.00322 0.504575 0.340133)
(1.00579 0.498924 0.339415)
(1.00719 0.491081 0.339002)
(1.00846 0.481727 0.337467)
(1.00882 0.472026 0.334548)
(1.00965 0.462457 0.329998)
(1.0098 0.4538 0.324448)
(1.01082 0.445908 0.318147)
(1.01116 0.439059 0.311781)
(1.0125 0.432795 0.305504)
(1.01298 0.427247 0.299746)
(1.01448 0.421881 0.294404)
(1.01492 0.416877 0.289681)
(1.0164 0.411824 0.285307)
(1.01667 0.406923 0.281409)
(1.01807 0.401943 0.277668)
(1.01814 0.397045 0.274232)
(1.01945 0.392119 0.270787)
(1.01936 0.387307 0.267572)
(1.02058 0.382481 0.264238)
(1.02038 0.377882 0.261133)
(1.0215 0.37321 0.257893)
(1.02122 0.368922 0.254853)
(1.02228 0.36442 0.251796)
(1.02193 0.360477 0.248782)
(1.02294 0.356171 0.246054)
(1.02254 0.352475 0.242945)
(1.02356 0.348457 0.240699)
(1.02308 0.344779 0.237381)
(1.02419 0.341153 0.235786)
(1.02366 0.337183 0.232239)
(1.02498 0.333631 0.232007)
(1.02494 0.327171 0.229006)
(1.02802 0.319378 0.234528)
(1.0299 0.291892 0.241302)
(1.00363 0.667831 0.203005)
(1.02687 0.699915 0.154575)
(1.02397 0.741116 0.140093)
(1.01816 0.77161 0.160593)
(1.01092 0.783681 0.199422)
(1.00491 0.771863 0.242752)
(0.99901 0.739007 0.273844)
(0.994008 0.697666 0.283802)
(0.989508 0.658731 0.276627)
(0.987398 0.627777 0.256425)
(0.987254 0.608762 0.230096)
(0.988779 0.597839 0.206668)
(0.992257 0.592716 0.18789)
(0.996203 0.590451 0.175489)
(1.00015 0.588361 0.169161)
(1.00321 0.584991 0.167564)
(1.00579 0.579393 0.168621)
(1.00719 0.571801 0.170654)
(1.00847 0.562429 0.172087)
(1.00882 0.552302 0.172313)
(1.00965 0.541797 0.170944)
(1.0098 0.531852 0.168337)
(1.01082 0.522397 0.164784)
(1.01116 0.513917 0.160839)
(1.0125 0.506015 0.156807)
(1.01298 0.498957 0.153052)
(1.01448 0.492206 0.149627)
(1.01492 0.485987 0.146687)
(1.0164 0.479831 0.144083)
(1.01667 0.473966 0.141888)
(1.01806 0.468071 0.139868)
(1.01814 0.46235 0.138112)
(1.01944 0.456597 0.136358)
(1.01936 0.451028 0.134792)
(1.02058 0.445406 0.133114)
(1.02038 0.440073 0.131584)
(1.0215 0.434632 0.129944)
(1.02122 0.429612 0.128374)
(1.02228 0.424389 0.126857)
(1.02193 0.419703 0.125203)
(1.02294 0.414765 0.123945)
(1.02254 0.410292 0.122129)
(1.02356 0.405771 0.121236)
(1.02308 0.401246 0.119221)
(1.02419 0.397312 0.118824)
(1.02366 0.392444 0.116676)
(1.02498 0.388992 0.117546)
(1.02494 0.381921 0.11669)
(1.02801 0.376217 0.124348)
(1.0299 0.352175 0.139285)
(1.00363 0.697877 -0.0133025)
(1.02687 0.713425 -0.0692755)
(1.02398 0.748133 -0.0957833)
(1.01816 0.783469 -0.085708)
(1.01092 0.806952 -0.0525006)
(1.00491 0.809102 -0.00765163)
(0.999013 0.787457 0.0320656)
(0.994009 0.751215 0.0543169)
(0.989507 0.711971 0.0595336)
(0.987399 0.676296 0.04989)
(0.987253 0.650078 0.0307147)
(0.988776 0.632444 0.0118012)
(0.992258 0.621764 -0.00447004)
(0.996204 0.615776 -0.0155587)
(1.00016 0.611836 -0.0209263)
(1.00321 0.608143 -0.0214017)
(1.00579 0.603145 -0.0186759)
(1.00719 0.596551 -0.0143983)
(1.00847 0.588077 -0.0101392)
(1.00882 0.578514 -0.00679306)
(1.00965 0.568102 -0.00484409)
(1.0098 0.55784 -0.00425058)
(1.01082 0.547755 -0.00470853)
(1.01115 0.538466 -0.00584153)
(1.0125 0.529706 -0.00724154)
(1.01298 0.521831 -0.0086279)
(1.01448 0.51435 -0.00979706)
(1.01492 0.507529 -0.0106685)
(1.0164 0.500873 -0.0112404)
(1.01667 0.494617 -0.011522)
(1.01806 0.488388 -0.0116221)
(1.01814 0.482402 -0.0115269)
(1.01944 0.476387 -0.0114197)
(1.01936 0.470606 -0.0111861)
(1.02058 0.464741 -0.0110422)
(1.02038 0.459197 -0.0108461)
(1.02151 0.453519 -0.0107216)
(1.02122 0.44826 -0.0106637)
(1.02227 0.442826 -0.0104919)
(1.02193 0.437857 -0.0106216)
(1.02294 0.432769 -0.0102928)
(1.02253 0.427957 -0.0106354)
(1.02356 0.42338 -0.0100942)
(1.02308 0.418451 -0.0106055)
(1.02419 0.414586 -0.00976678)
(1.02366 0.409294 -0.0103085)
(1.02498 0.40628 -0.00841405)
(1.02494 0.399292 -0.00704132)
(1.02802 0.396232 0.00200722)
(1.02989 0.377983 0.0236479)
(1.00363 0.659611 -0.228307)
(1.02687 0.657101 -0.286343)
(1.02398 0.681918 -0.322284)
(1.01816 0.718637 -0.323622)
(1.01092 0.751237 -0.299287)
(1.0049 0.767144 -0.257295)
(0.999012 0.758826 -0.212845)
(0.994012 0.731228 -0.180487)
(0.989509 0.695516 -0.163394)
(0.987401 0.658614 -0.161534)
(0.987251 0.627754 -0.171662)
(0.988773 0.605142 -0.184214)
(0.992256 0.589953 -0.196396)
(0.996204 0.580827 -0.205088)
(1.00016 0.575418 -0.208971)
(1.00322 0.571764 -0.208274)
(1.00579 0.567859 -0.204139)
(1.00719 0.562907 -0.198039)
(1.00847 0.556164 -0.191371)
(1.00882 0.548098 -0.185235)
(1.00965 0.538797 -0.18016)
(1.00981 0.529221 -0.176421)
(1.01082 0.519491 -0.173741)
(1.01115 0.510313 -0.171948)
(1.01249 0.501543 -0.170575)
(1.01298 0.493625 -0.169463)
(1.01448 0.486147 -0.168263)
(1.01492 0.479389 -0.166982)
(1.0164 0.472883 -0.16546)
(1.01667 0.466849 -0.163794)
(1.01806 0.460895 -0.161965)
(1.01814 0.455232 -0.160025)
(1.01944 0.449544 -0.158068)
(1.01936 0.444113 -0.156062)
(1.02058 0.43858 -0.154112)
(1.02037 0.433364 -0.152212)
(1.02151 0.428003 -0.150335)
(1.02123 0.423021 -0.148655)
(1.02228 0.417908 -0.146809)
(1.02193 0.413147 -0.1454)
(1.02294 0.408404 -0.143519)
(1.02253 0.403723 -0.142356)
(1.02355 0.399539 -0.14043)
(1.02308 0.394689 -0.139397)
(1.02419 0.391272 -0.137398)
(1.02365 0.386071 -0.136279)
(1.02498 0.383791 -0.13355)
(1.02494 0.377567 -0.130088)
(1.02801 0.377456 -0.120533)
(1.02989 0.36678 -0.0943065)
(1.00363 0.556775 -0.420964)
(1.02687 0.536457 -0.475385)
(1.02398 0.548952 -0.51723)
(1.01816 0.583452 -0.529859)
(1.01092 0.621978 -0.516787)
(1.0049 0.650095 -0.481757)
(0.999008 0.655924 -0.436915)
(0.99401 0.639667 -0.397618)
(0.989511 0.610978 -0.370331)
(0.987402 0.576453 -0.357153)
(0.987253 0.543982 -0.357236)
(0.988774 0.518608 -0.36219)
(0.992254 0.500394 -0.369092)
(0.996201 0.489024 -0.374542)
(1.00016 0.482675 -0.376563)
(1.00322 0.479413 -0.374766)
(1.00579 0.476985 -0.36962)
(1.00719 0.474163 -0.362293)
(1.00846 0.46981 -0.353869)
(1.00882 0.464034 -0.345545)
(1.00965 0.456752 -0.337844)
(1.0098 0.448799 -0.331326)
(1.01082 0.440372 -0.325767)
(1.01116 0.432203 -0.321225)
(1.0125 0.424289 -0.31721)
(1.01298 0.417099 -0.313708)
(1.01448 0.410358 -0.310256)
(1.01492 0.404322 -0.306956)
(1.0164 0.398604 -0.303498)
(1.01667 0.393382 -0.300044)
(1.01807 0.388285 -0.296466)
(1.01814 0.383504 -0.29287)
(1.01944 0.3787 -0.289251)
(1.01936 0.374155 -0.285668)
(1.02058 0.369492 -0.282106)
(1.02038 0.365117 -0.278688)
(1.02151 0.360596 -0.275243)
(1.02123 0.35638 -0.272105)
(1.02228 0.352085 -0.268766)
(1.02194 0.348 -0.265951)
(1.02294 0.34407 -0.262701)
(1.02254 0.339975 -0.260144)
(1.02355 0.336596 -0.257019)
(1.02308 0.3323 -0.254544)
(1.0242 0.329665 -0.251588)
(1.02365 0.325069 -0.248915)
(1.02498 0.323744 -0.245614)
(1.02495 0.318891 -0.2404)
(1.02802 0.321734 -0.231284)
(1.02989 0.319695 -0.203045)
(0.997291 0.644583 0.607878)
(0.978007 0.535611 0.637663)
(0.97866 0.449659 0.61579)
(0.979298 0.39866 0.560285)
(0.977945 0.37939 0.494614)
(0.981652 0.382593 0.428589)
(0.986417 0.400564 0.377148)
(0.995123 0.417119 0.344204)
(1.00173 0.431403 0.329294)
(1.00816 0.432624 0.331601)
(1.01114 0.42855 0.338353)
(1.01385 0.416856 0.349595)
(1.0143 0.401138 0.358792)
(1.01419 0.384935 0.363124)
(1.01361 0.370361 0.362065)
(1.01304 0.358726 0.356488)
(1.01264 0.35021 0.347868)
(1.01239 0.344465 0.337949)
(1.01252 0.340608 0.328072)
(1.01255 0.337847 0.319377)
(1.01288 0.335325 0.312129)
(1.01282 0.332653 0.306638)
(1.01298 0.329416 0.3023)
(1.01264 0.325796 0.299119)
(1.0125 0.321597 0.296267)
(1.01191 0.317274 0.29378)
(1.01148 0.312665 0.291089)
(1.0108 0.308267 0.288309)
(1.01018 0.303807 0.285252)
(1.00958 0.299723 0.281974)
(1.00884 0.295674 0.278607)
(1.00839 0.291987 0.275014)
(1.00754 0.288376 0.271569)
(1.0072 0.284982 0.267921)
(1.00622 0.281745 0.264577)
(1.00596 0.278497 0.261098)
(1.00483 0.275544 0.257869)
(1.0046 0.272355 0.254729)
(1.00336 0.269614 0.25154)
(1.00317 0.266465 0.248792)
(1.00182 0.263866 0.245554)
(1.00168 0.260836 0.243166)
(1.00018 0.258262 0.239903)
(1.0002 0.255528 0.237728)
(0.998513 0.252752 0.234647)
(0.99907 0.250499 0.232398)
(0.997712 0.247037 0.230267)
(1.00076 0.244648 0.228002)
(1.00339 0.237842 0.229848)
(1.04629 0.230242 0.233984)
(0.99729 0.800878 0.378938)
(0.978004 0.706443 0.44094)
(0.978662 0.617942 0.446705)
(0.979311 0.552293 0.409675)
(0.977945 0.513656 0.353164)
(0.981623 0.496294 0.289366)
(0.986403 0.49751 0.234912)
(0.995144 0.503078 0.198482)
(1.00176 0.512052 0.179873)
(1.00817 0.513908 0.181689)
(1.01113 0.51211 0.189349)
(1.01382 0.504489 0.203645)
(1.0143 0.492391 0.217276)
(1.0142 0.478312 0.226413)
(1.01363 0.46412 0.22991)
(1.01305 0.45132 0.228181)
(1.01263 0.440563 0.222608)
(1.01237 0.432034 0.214952)
(1.01251 0.425321 0.206763)
(1.01256 0.420007 0.199354)
(1.01289 0.41537 0.193238)
(1.01284 0.411127 0.18884)
(1.01298 0.406706 0.185703)
(1.01263 0.402279 0.183793)
(1.01248 0.397406 0.182384)
(1.0119 0.392531 0.181358)
(1.01148 0.387315 0.18023)
(1.01081 0.382271 0.178948)
(1.01019 0.377084 0.177409)
(1.00958 0.372183 0.175549)
(1.00884 0.367294 0.173592)
(1.00837 0.362675 0.171315)
(1.00752 0.358179 0.169158)
(1.00719 0.353825 0.166742)
(1.00621 0.349712 0.164565)
(1.00597 0.345552 0.162265)
(1.00484 0.341738 0.160101)
(1.00462 0.337738 0.158097)
(1.00337 0.334138 0.155901)
(1.00316 0.3303 0.154264)
(1.00181 0.326824 0.151987)
(1.00167 0.323207 0.150652)
(1.00017 0.319748 0.14835)
(1.0002 0.316479 0.147126)
(0.998517 0.312888 0.145055)
(0.999084 0.310051 0.143616)
(0.997724 0.306102 0.142659)
(1.00077 0.303126 0.141242)
(1.0034 0.297223 0.145103)
(1.04629 0.291275 0.151387)
(0.997291 0.87878 0.112907)
(0.978 0.808121 0.201054)
(0.978658 0.725734 0.233886)
(0.979317 0.651867 0.21896)
(0.977967 0.597661 0.177156)
(0.981617 0.561406 0.121834)
(0.986371 0.545737 0.0696592)
(0.995133 0.539798 0.0333127)
(1.00177 0.54259 0.0128459)
(1.00819 0.54491 0.0140031)
(1.01114 0.54555 0.0218396)
(1.0138 0.542709 0.0377697)
(1.01428 0.53543 0.0544716)
(1.01419 0.524876 0.0675222)
(1.01364 0.512464 0.075247)
(1.01307 0.49975 0.0775597)
(1.01264 0.487783 0.0755684)
(1.01237 0.477307 0.0709194)
(1.01249 0.468388 0.0652008)
(1.01254 0.461057 0.0598091)
(1.01289 0.454757 0.0554274)
(1.01285 0.449368 0.0525598)
(1.013 0.444188 0.0509425)
(1.01264 0.439381 0.050482)
(1.01248 0.434313 0.0506465)
(1.01188 0.429355 0.0511792)
(1.01147 0.424053 0.0517171)
(1.01081 0.418866 0.0520666)
(1.01021 0.413453 0.05221)
(1.0096 0.40822 0.0519506)
(1.00885 0.402957 0.0515989)
(1.00837 0.397863 0.0508519)
(1.00751 0.392916 0.0501911)
(1.00717 0.388033 0.0492377)
(1.00619 0.38345 0.0484436)
(1.00596 0.378786 0.0475459)
(1.00485 0.374496 0.0466703)
(1.00463 0.370067 0.0460015)
(1.00339 0.365969 0.0450208)
(1.00317 0.361803 0.0446434)
(1.00181 0.357798 0.0435532)
(1.00167 0.353941 0.0433966)
(1.00015 0.349944 0.0422784)
(1.00017 0.346451 0.0421279)
(0.998495 0.3424 0.0412637)
(0.999066 0.339259 0.0407816)
(0.997719 0.33521 0.0410965)
(1.00077 0.331942 0.0406638)
(1.00341 0.327521 0.0461585)
(1.04631 0.323806 0.0539708)
(0.997293 0.87066 -0.164177)
(0.978001 0.830699 -0.0585123)
(0.97865 0.762483 -0.00182296)
(0.979309 0.687622 0.00680633)
(0.977981 0.62317 -0.0162015)
(0.981648 0.571587 -0.0576077)
(0.986359 0.540528 -0.102398)
(0.995104 0.523654 -0.135134)
(1.00175 0.520007 -0.155453)
(1.0082 0.522579 -0.155078)
(1.01117 0.525621 -0.14781)
(1.01382 0.527813 -0.131768)
(1.01427 0.526037 -0.113653)
(1.01417 0.520041 -0.0979866)
(1.01362 0.510635 -0.0868013)
(1.01307 0.499274 -0.0806614)
(1.01266 0.487271 -0.0788554)
(1.01239 0.475862 -0.0800481)
(1.01249 0.465603 -0.0827333)
(1.01252 0.456963 -0.0856023)
(1.01288 0.449626 -0.0878138)
(1.01284 0.443617 -0.0888774)
(1.01301 0.438203 -0.088806)
(1.01266 0.433481 -0.0877588)
(1.01249 0.428705 -0.0860439)
(1.01188 0.424154 -0.0840055)
(1.01145 0.41927 -0.0818562)
(1.01079 0.41445 -0.0799228)
(1.01019 0.409356 -0.078107)
(1.0096 0.404297 -0.0767336)
(1.00886 0.399188 -0.0754436)
(1.00839 0.394103 -0.0745789)
(1.00752 0.389194 -0.0736867)
(1.00717 0.384247 -0.0730818)
(1.00618 0.379644 -0.072429)
(1.00593 0.374931 -0.0718333)
(1.00483 0.370585 -0.0713412)
(1.00462 0.366174 -0.0706013)
(1.0034 0.361969 -0.070264)
(1.00319 0.357896 -0.0693398)
(1.00183 0.353741 -0.0691392)
(1.00168 0.350027 -0.0680977)
(1.00017 0.345873 -0.0679314)
(1.00018 0.342511 -0.066994)
(0.99849 0.338382 -0.0665646)
(0.999053 0.335249 -0.0660624)
(0.997698 0.331495 -0.064497)
(1.00075 0.328258 -0.0638978)
(1.00338 0.32575 -0.0573055)
(1.04629 0.324628 -0.0487254)
(0.997293 0.777315 -0.425189)
(0.978007 0.771963 -0.31235)
(0.978651 0.724599 -0.237359)
(0.979295 0.656061 -0.206008)
(0.977967 0.587664 -0.207981)
(0.981669 0.525838 -0.231421)
(0.986392 0.482441 -0.264415)
(0.995095 0.456244 -0.290338)
(1.00173 0.446501 -0.308532)
(1.00817 0.449072 -0.308984)
(1.01118 0.454235 -0.303014)
(1.01385 0.461287 -0.288411)
(1.01429 0.465171 -0.270636)
(1.01417 0.464295 -0.253888)
(1.0136 0.458803 -0.240352)
(1.01305 0.449909 -0.231001)
(1.01266 0.439068 -0.225568)
(1.0124 0.427847 -0.223174)
(1.01251 0.417256 -0.222562)
(1.01254 0.408137 -0.22262)
(1.01287 0.400475 -0.222463)
(1.01282 0.394432 -0.221613)
(1.01299 0.389311 -0.219876)
(1.01266 0.385158 -0.217414)
(1.0125 0.38114 -0.214306)
(1.0119 0.37744 -0.210966)
(1.01147 0.373455 -0.207414)
(1.01078 0.36946 -0.204086)
(1.01018 0.36518 -0.200786)
(1.00958 0.3608 -0.197912)
(1.00885 0.356342 -0.195104)
(1.00839 0.351781 -0.192709)
(1.00754 0.347381 -0.190342)
(1.00719 0.342865 -0.188244)
(1.00619 0.338678 -0.186197)
(1.00593 0.334378 -0.184184)
(1.00481 0.330395 -0.182367)
(1.0046 0.326431 -0.180307)
(1.00337 0.322547 -0.178679)
(1.00318 0.318955 -0.176541)
(1.00184 0.315074 -0.175065)
(1.00169 0.311859 -0.172928)
(1.00019 0.30796 -0.171486)
(1.0002 0.305048 -0.169556)
(0.998506 0.301258 -0.167867)
(0.999069 0.298423 -0.166422)
(0.997715 0.295336 -0.163783)
(1.00076 0.292447 -0.16221)
(1.00339 0.292102 -0.155167)
(1.0463 0.293692 -0.146665)
)
;

boundaryField
{
    inlet
    {
        type            codedFixedValue;
        value           nonuniform List<vector> 
25
(
(1 0.106541 0.0774064)
(1 0.125246 0.0406949)
(1 0.131692 -5.208e-08)
(1 0.125246 -0.040695)
(1 0.106541 -0.0774065)
(1 0.248595 0.180615)
(1 0.292241 0.0949548)
(1 0.307281 -1.2152e-07)
(1 0.292241 -0.0949551)
(1 0.248595 -0.180615)
(1 0.404855 0.294144)
(1 0.475936 0.154641)
(1 0.500429 -1.97899e-07)
(1 0.475936 -0.154641)
(1 0.404855 -0.294145)
(1 0.563145 0.409148)
(1 0.662016 0.215102)
(1 0.696085 -2.7527e-07)
(1 0.662016 -0.215102)
(1 0.563145 -0.409149)
(1 0.72211 0.524643)
(1 0.848892 0.275821)
(1 0.892578 -3.52982e-07)
(1 0.848892 -0.275822)
(1 0.72211 -0.524644)
)
;
        name            swirl;
        code            #{
            // Uncomment for testing on non-windows systems [fragile]
            // IOobject::scopeSeparator = '_';

            const vector axis(1, 0, 0);

            vectorField v(2.0*this->patch().Cf() ^ axis);
            v.replace(vector::X, 1.0);
            operator==(v);
        #};
    }
    outlet
    {
        type            inletOutlet;
        inletValue      uniform (1 0 0);
        value           nonuniform List<vector> 
25
(
(0.84115 0.0561279 0.0504782)
(0.841149 0.069 0.030616)
(0.841121 0.0750941 0.00783775)
(0.841113 0.0738672 -0.0157187)
(0.841128 0.065404 -0.0377649)
(0.883676 0.145676 0.139047)
(0.883696 0.181532 0.0871901)
(0.883712 0.199596 0.0268521)
(0.883681 0.198092 -0.0361126)
(0.883682 0.177297 -0.095564)
(0.97162 0.217778 0.206386)
(0.971627 0.270911 0.128971)
(0.971627 0.297502 0.0389483)
(0.971621 0.294958 -0.0548695)
(0.971598 0.263583 -0.143351)
(1.0299 0.291892 0.241302)
(1.0299 0.352175 0.139285)
(1.02989 0.377983 0.0236479)
(1.02989 0.36678 -0.0943065)
(1.02989 0.319695 -0.203045)
(1.04629 0.230242 0.233984)
(1.04629 0.291275 0.151387)
(1.04631 0.323806 0.0539708)
(1.04629 0.324628 -0.0487254)
(1.0463 0.293692 -0.146665)
)
;
    }
    side1
    {
        type            cyclicAMI;
        value           nonuniform List<vector> 
250
(
(0.999789 0.0878466 0.0927549)
(0.998979 0.217879 0.212013)
(0.99944 0.350596 0.349212)
(1.00363 0.496689 0.478107)
(0.997292 0.534886 0.692596)
(1.0016 0.0857175 0.0908297)
(1.00332 0.222255 0.21216)
(0.999393 0.33881 0.362734)
(1.02687 0.546639 0.449877)
(0.978007 0.423981 0.704813)
(1.00405 0.0801127 0.0904284)
(1.00828 0.233474 0.207871)
(0.998192 0.315239 0.367631)
(1.02398 0.58939 0.455605)
(0.978656 0.343509 0.670194)
(1.00678 0.0767778 0.0879175)
(1.01143 0.241333 0.212941)
(1.00513 0.310731 0.359596)
(1.01816 0.607039 0.487309)
(0.979297 0.302335 0.608173)
(1.0115 0.076588 0.0841992)
(1.01461 0.240688 0.223342)
(1.01192 0.318381 0.346686)
(1.01092 0.600242 0.526903)
(0.977956 0.293686 0.541139)
(1.01289 0.0806211 0.0794498)
(1.01367 0.229963 0.235293)
(1.01652 0.336745 0.330976)
(1.0049 0.570412 0.559746)
(0.981661 0.307007 0.477214)
(1.01102 0.087469 0.0761341)
(1.01005 0.213121 0.24147)
(1.01667 0.359545 0.322089)
(0.999008 0.527566 0.572368)
(0.986404 0.33249 0.429795)
(1.00671 0.0934714 0.0764941)
(1.00526 0.198553 0.238428)
(1.01346 0.378284 0.324692)
(0.99401 0.486721 0.562582)
(0.995109 0.353728 0.400224)
(1.00243 0.0959691 0.0800755)
(1.00133 0.191249 0.228696)
(1.00929 0.388739 0.336298)
(0.98951 0.455672 0.538807)
(1.00173 0.369967 0.387898)
(0.998168 0.0939701 0.0848233)
(0.998547 0.191958 0.21628)
(1.00493 0.388748 0.352942)
(0.987401 0.437481 0.507158)
(1.00817 0.370804 0.390337)
(0.993947 0.0880987 0.0881058)
(0.996668 0.199026 0.205106)
(1.0006 0.378255 0.367701)
(0.987254 0.432544 0.47547)
(1.01116 0.365782 0.396294)
(0.989034 0.0810069 0.0885221)
(0.994423 0.208472 0.198585)
(0.996329 0.362929 0.375332)
(0.988776 0.433453 0.449956)
(1.01385 0.352634 0.405441)
(0.985352 0.0751286 0.0864362)
(0.992702 0.217005 0.19752)
(0.992665 0.3468 0.375225)
(0.992255 0.437372 0.431124)
(1.01429 0.335887 0.411981)
(0.981847 0.0717218 0.0829822)
(0.990308 0.222794 0.200822)
(0.988943 0.333067 0.369)
(0.996201 0.440935 0.419189)
(1.01418 0.319412 0.413709)
(0.980093 0.070985 0.0793249)
(0.988596 0.225099 0.206577)
(0.986445 0.323236 0.359117)
(1.00015 0.441928 0.412682)
(1.0136 0.305357 0.410434)
(0.978089 0.0722913 0.0762568)
(0.986036 0.224069 0.212567)
(0.984281 0.317394 0.348117)
(1.00322 0.439671 0.409773)
(1.01304 0.294864 0.403198)
(0.977172 0.0747924 0.0743147)
(0.984231 0.220631 0.217147)
(0.983719 0.314575 0.337813)
(1.00579 0.434272 0.4082)
(1.01265 0.28789 0.393468)
(0.975181 0.0775155 0.0735784)
(0.981264 0.215921 0.219357)
(0.983147 0.313536 0.329326)
(1.00719 0.426687 0.406582)
(1.0124 0.28382 0.382898)
(0.973963 0.079838 0.0739639)
(0.979312 0.211132 0.219224)
(0.984024 0.312995 0.322929)
(1.00846 0.417798 0.403638)
(1.01252 0.281585 0.372664)
(0.971483 0.0812725 0.0749867)
(0.976163 0.206963 0.217179)
(0.984175 0.312099 0.318415)
(1.00882 0.408785 0.399291)
(1.01254 0.280234 0.363757)
(0.96992 0.0818148 0.0762767)
(0.974499 0.203825 0.214101)
(0.985561 0.310344 0.315209)
(1.00965 0.400151 0.393375)
(1.01288 0.278894 0.356302)
(0.967135 0.0814815 0.0773093)
(0.97165 0.2016 0.210576)
(0.985685 0.307615 0.312723)
(1.0098 0.392563 0.386623)
(1.01282 0.277133 0.350535)
(0.965464 0.080647 0.0779641)
(0.970629 0.20012 0.207288)
(0.987084 0.304054 0.310366)
(1.01082 0.385837 0.37926)
(1.01299 0.274646 0.345805)
(0.962611 0.0794545 0.0780326)
(0.968235 0.198957 0.204349)
(0.986964 0.299895 0.30783)
(1.01116 0.380142 0.371992)
(1.01265 0.271605 0.342138)
(0.961 0.0782772 0.077717)
(0.967789 0.197916 0.201995)
(0.988341 0.295437 0.30484)
(1.0125 0.375003 0.364896)
(1.0125 0.267952 0.338704)
(0.958223 0.0771069 0.0770033)
(0.965683 0.196711 0.199963)
(0.9881 0.29092 0.301483)
(1.01298 0.370478 0.358422)
(1.0119 0.26412 0.33561)
(0.95678 0.0761739 0.0761825)
(0.965604 0.195312 0.198303)
(0.989608 0.286487 0.297696)
(1.01448 0.366069 0.352381)
(1.01147 0.26004 0.332272)
(0.954142 0.0752933 0.0752288)
(0.963589 0.193612 0.19665)
(0.9894 0.282289 0.293773)
(1.01492 0.361917 0.347001)
(1.01079 0.256177 0.328884)
(0.952795 0.0746177 0.0743437)
(0.963721 0.191729 0.195088)
(0.991158 0.278259 0.289647)
(1.0164 0.357661 0.341956)
(1.01018 0.252297 0.325216)
(0.950302 0.0739078 0.0734563)
(0.961743 0.189605 0.193316)
(0.991014 0.274511 0.285632)
(1.01667 0.353484 0.337395)
(1.00958 0.248818 0.321387)
(0.948959 0.0732888 0.0726468)
(0.962 0.187441 0.191504)
(0.993018 0.270873 0.281582)
(1.01807 0.349204 0.332977)
(1.00885 0.245389 0.317475)
(0.946613 0.0726098 0.0718563)
(0.960126 0.185153 0.189468)
(0.992877 0.267483 0.277742)
(1.01814 0.344957 0.328868)
(1.00839 0.242348 0.313397)
(0.945326 0.0719466 0.0711246)
(0.960519 0.182954 0.18741)
(0.995034 0.264126 0.273969)
(1.01944 0.340685 0.324743)
(1.00754 0.239359 0.309475)
(0.943224 0.0712398 0.0703756)
(0.958846 0.180715 0.185228)
(0.994839 0.26098 0.27039)
(1.01936 0.336488 0.320863)
(1.0072 0.236613 0.305393)
(0.942088 0.070539 0.0696932)
(0.95943 0.178647 0.183066)
(0.997061 0.257851 0.266939)
(1.02058 0.332293 0.316865)
(1.0062 0.233971 0.301628)
(0.940382 0.069817 0.0689685)
(0.958047 0.176575 0.180937)
(0.996761 0.254871 0.26361)
(1.02038 0.328285 0.313125)
(1.00594 0.231341 0.297738)
(0.93943 0.0691255 0.068304)
(0.958884 0.174683 0.178799)
(0.998991 0.25197 0.260472)
(1.0215 0.324227 0.309244)
(1.00482 0.228956 0.294132)
(0.93827 0.068425 0.0676438)
(0.957855 0.172837 0.176883)
(0.998625 0.24908 0.257403)
(1.02122 0.320514 0.305616)
(1.0046 0.226331 0.29058)
(0.937484 0.0677631 0.0669499)
(0.958844 0.171069 0.174811)
(1.00085 0.246437 0.25448)
(1.02228 0.316593 0.30194)
(1.00337 0.224146 0.287043)
(0.936904 0.0670806 0.0663652)
(0.958211 0.169451 0.173157)
(1.00041 0.24363 0.251705)
(1.02193 0.313214 0.298391)
(1.00318 0.221503 0.283874)
(0.936165 0.0664649 0.0656457)
(0.959288 0.167678 0.171144)
(1.0026 0.241148 0.248848)
(1.02294 0.309436 0.295062)
(1.00183 0.219466 0.280314)
(0.936057 0.0658514 0.065159)
(0.958973 0.166311 0.169755)
(1.0021 0.23849 0.246392)
(1.02254 0.30631 0.29146)
(1.00169 0.216882 0.277513)
(0.935434 0.0652843 0.0645138)
(0.960059 0.164526 0.16775)
(1.0043 0.236028 0.243518)
(1.02355 0.302738 0.288648)
(1.00018 0.214874 0.273932)
(0.935472 0.0647424 0.0640889)
(0.95984 0.163269 0.166582)
(1.00372 0.23359 0.241335)
(1.02308 0.299662 0.28484)
(1.0002 0.212542 0.271388)
(0.934971 0.0640433 0.0633136)
(0.960774 0.161354 0.164662)
(1.00601 0.230972 0.238545)
(1.0242 0.29637 0.282726)
(0.99851 0.21031 0.267952)
(0.934503 0.0633905 0.062974)
(0.959987 0.159895 0.163894)
(1.00511 0.228584 0.236615)
(1.02366 0.293049 0.278654)
(0.999069 0.208461 0.26541)
(0.933473 0.0619698 0.0615732)
(0.960043 0.156359 0.161738)
(1.00746 0.224706 0.234268)
(1.02498 0.289623 0.277875)
(0.997713 0.20541 0.262801)
(0.927798 0.061673 0.0616954)
(0.954141 0.154199 0.161484)
(1.0037 0.2206 0.232389)
(1.02494 0.283786 0.273949)
(1.00076 0.203429 0.260224)
(0.920897 0.0539837 0.0605992)
(0.950404 0.140654 0.1613)
(1.00613 0.207192 0.234756)
(1.02802 0.275331 0.278131)
(1.00339 0.196504 0.260975)
(0.841139 0.0469464 0.0579411)
(0.883679 0.12062 0.158172)
(0.971609 0.180564 0.234984)
(1.02989 0.247469 0.280498)
(1.04629 0.188454 0.263838)
)
;
    }
    side2
    {
        type            cyclicAMI;
        value           nonuniform List<vector> 
250
(
(0.999789 0.0927549 -0.0878466)
(0.998979 0.212013 -0.217879)
(0.99944 0.349212 -0.350596)
(1.00363 0.478108 -0.496688)
(0.997292 0.692597 -0.534885)
(1.0016 0.0908298 -0.0857174)
(1.00332 0.21216 -0.222255)
(0.999393 0.362734 -0.33881)
(1.02687 0.449877 -0.546639)
(0.978007 0.704813 -0.42398)
(1.00405 0.0904284 -0.0801127)
(1.00828 0.207871 -0.233474)
(0.998192 0.367631 -0.315239)
(1.02398 0.455605 -0.58939)
(0.978656 0.670195 -0.343509)
(1.00678 0.0879175 -0.0767778)
(1.01143 0.212941 -0.241333)
(1.00513 0.359596 -0.310731)
(1.01816 0.48731 -0.607039)
(0.979297 0.608173 -0.302334)
(1.0115 0.0841993 -0.076588)
(1.01461 0.223342 -0.240688)
(1.01192 0.346686 -0.318381)
(1.01092 0.526904 -0.600242)
(0.977956 0.541139 -0.293685)
(1.01289 0.0794498 -0.080621)
(1.01367 0.235294 -0.229963)
(1.01652 0.330977 -0.336746)
(1.0049 0.559747 -0.570411)
(0.981661 0.477214 -0.307007)
(1.01102 0.0761342 -0.087469)
(1.01005 0.241471 -0.213121)
(1.01667 0.322089 -0.359545)
(0.999008 0.572368 -0.527566)
(0.986404 0.429795 -0.33249)
(1.00671 0.0764942 -0.0934713)
(1.00526 0.238428 -0.198553)
(1.01346 0.324693 -0.378284)
(0.994009 0.562583 -0.486721)
(0.995109 0.400224 -0.353728)
(1.00243 0.0800756 -0.0959691)
(1.00133 0.228696 -0.191249)
(1.00929 0.336299 -0.388739)
(0.98951 0.538808 -0.455671)
(1.00173 0.387898 -0.369967)
(0.998168 0.0848233 -0.0939701)
(0.998547 0.21628 -0.191958)
(1.00493 0.352943 -0.388748)
(0.987401 0.507158 -0.437481)
(1.00817 0.390337 -0.370804)
(0.993947 0.0881058 -0.0880986)
(0.996668 0.205107 -0.199026)
(1.0006 0.367701 -0.378255)
(0.987254 0.47547 -0.432544)
(1.01116 0.396294 -0.365782)
(0.989034 0.0885222 -0.0810069)
(0.994423 0.198585 -0.208472)
(0.996329 0.375332 -0.362929)
(0.988776 0.449956 -0.433453)
(1.01385 0.405441 -0.352634)
(0.985352 0.0864362 -0.0751286)
(0.992702 0.19752 -0.217005)
(0.992665 0.375225 -0.3468)
(0.992255 0.431124 -0.437372)
(1.01429 0.411982 -0.335887)
(0.981847 0.0829822 -0.0717217)
(0.990308 0.200822 -0.222794)
(0.988943 0.369 -0.333067)
(0.996201 0.41919 -0.440935)
(1.01418 0.413709 -0.319411)
(0.980093 0.079325 -0.070985)
(0.988596 0.206577 -0.225099)
(0.986445 0.359118 -0.323236)
(1.00015 0.412682 -0.441927)
(1.0136 0.410435 -0.305357)
(0.978089 0.0762568 -0.0722912)
(0.986036 0.212567 -0.224069)
(0.984281 0.348117 -0.317394)
(1.00322 0.409773 -0.439671)
(1.01304 0.403198 -0.294864)
(0.977172 0.0743148 -0.0747924)
(0.984231 0.217147 -0.220631)
(0.983719 0.337813 -0.314575)
(1.00579 0.4082 -0.434272)
(1.01265 0.393468 -0.287889)
(0.975181 0.0735784 -0.0775155)
(0.981264 0.219357 -0.215921)
(0.983147 0.329327 -0.313536)
(1.00719 0.406582 -0.426687)
(1.0124 0.382898 -0.283819)
(0.973963 0.073964 -0.0798379)
(0.979312 0.219224 -0.211132)
(0.984024 0.32293 -0.312995)
(1.00846 0.403639 -0.417797)
(1.01252 0.372664 -0.281585)
(0.971483 0.0749868 -0.0812725)
(0.976163 0.21718 -0.206962)
(0.984175 0.318415 -0.312099)
(1.00882 0.399291 -0.408785)
(1.01254 0.363757 -0.280233)
(0.96992 0.0762767 -0.0818148)
(0.974499 0.214102 -0.203825)
(0.985561 0.315209 -0.310344)
(1.00965 0.393375 -0.400151)
(1.01288 0.356302 -0.278894)
(0.967135 0.0773094 -0.0814814)
(0.97165 0.210576 -0.2016)
(0.985685 0.312723 -0.307615)
(1.0098 0.386623 -0.392563)
(1.01282 0.350535 -0.277133)
(0.965464 0.0779642 -0.080647)
(0.970629 0.207288 -0.20012)
(0.987084 0.310366 -0.304054)
(1.01082 0.37926 -0.385837)
(1.01299 0.345806 -0.274646)
(0.962611 0.0780326 -0.0794544)
(0.968235 0.20435 -0.198957)
(0.986964 0.30783 -0.299895)
(1.01116 0.371992 -0.380142)
(1.01265 0.342138 -0.271605)
(0.961 0.0777171 -0.0782771)
(0.967789 0.201995 -0.197916)
(0.988341 0.30484 -0.295437)
(1.0125 0.364897 -0.375002)
(1.0125 0.338704 -0.267952)
(0.958223 0.0770034 -0.0771069)
(0.965683 0.199963 -0.196711)
(0.9881 0.301483 -0.29092)
(1.01298 0.358423 -0.370477)
(1.0119 0.33561 -0.26412)
(0.95678 0.0761826 -0.0761739)
(0.965604 0.198304 -0.195312)
(0.989608 0.297697 -0.286487)
(1.01448 0.352381 -0.366068)
(1.01147 0.332272 -0.260039)
(0.954142 0.0752289 -0.0752932)
(0.963589 0.19665 -0.193612)
(0.9894 0.293773 -0.282289)
(1.01492 0.347001 -0.361916)
(1.01079 0.328884 -0.256176)
(0.952795 0.0743437 -0.0746176)
(0.963721 0.195088 -0.191729)
(0.991158 0.289647 -0.278259)
(1.0164 0.341956 -0.35766)
(1.01018 0.325216 -0.252296)
(0.950302 0.0734563 -0.0739078)
(0.961743 0.193316 -0.189605)
(0.991014 0.285633 -0.274511)
(1.01667 0.337396 -0.353483)
(1.00958 0.321387 -0.248818)
(0.948959 0.0726469 -0.0732887)
(0.962 0.191504 -0.187441)
(0.993018 0.281582 -0.270873)
(1.01807 0.332977 -0.349204)
(1.00885 0.317475 -0.245389)
(0.946613 0.0718563 -0.0726098)
(0.960126 0.189469 -0.185153)
(0.992877 0.277742 -0.267483)
(1.01814 0.328868 -0.344957)
(1.00839 0.313397 -0.242348)
(0.945326 0.0711246 -0.0719466)
(0.960519 0.187411 -0.182954)
(0.995034 0.273969 -0.264126)
(1.01944 0.324743 -0.340685)
(1.00754 0.309475 -0.239359)
(0.943224 0.0703756 -0.0712398)
(0.958846 0.185228 -0.180715)
(0.994839 0.27039 -0.26098)
(1.01936 0.320863 -0.336488)
(1.0072 0.305393 -0.236613)
(0.942088 0.0696932 -0.070539)
(0.95943 0.183066 -0.178647)
(0.997061 0.266939 -0.257851)
(1.02058 0.316865 -0.332293)
(1.0062 0.301628 -0.233971)
(0.940382 0.0689685 -0.069817)
(0.958047 0.180937 -0.176575)
(0.996761 0.26361 -0.254871)
(1.02038 0.313125 -0.328285)
(1.00594 0.297738 -0.23134)
(0.93943 0.068304 -0.0691255)
(0.958884 0.178799 -0.174683)
(0.998991 0.260472 -0.25197)
(1.0215 0.309244 -0.324226)
(1.00482 0.294132 -0.228955)
(0.93827 0.0676438 -0.068425)
(0.957855 0.176883 -0.172836)
(0.998625 0.257403 -0.24908)
(1.02122 0.305616 -0.320513)
(1.0046 0.29058 -0.226331)
(0.937484 0.06695 -0.067763)
(0.958844 0.174811 -0.171069)
(1.00085 0.25448 -0.246437)
(1.02228 0.301941 -0.316593)
(1.00337 0.287043 -0.224146)
(0.936904 0.0663653 -0.0670806)
(0.958211 0.173157 -0.169451)
(1.00041 0.251706 -0.24363)
(1.02193 0.298391 -0.313214)
(1.00318 0.283874 -0.221503)
(0.936165 0.0656457 -0.0664649)
(0.959288 0.171144 -0.167678)
(1.0026 0.248849 -0.241148)
(1.02294 0.295062 -0.309435)
(1.00183 0.280314 -0.219465)
(0.936057 0.0651591 -0.0658514)
(0.958973 0.169755 -0.166311)
(1.0021 0.246393 -0.23849)
(1.02254 0.29146 -0.306309)
(1.00169 0.277513 -0.216882)
(0.935434 0.0645138 -0.0652842)
(0.960059 0.16775 -0.164526)
(1.0043 0.243518 -0.236028)
(1.02355 0.288648 -0.302738)
(1.00018 0.273932 -0.214874)
(0.935472 0.064089 -0.0647424)
(0.95984 0.166582 -0.163269)
(1.00372 0.241335 -0.23359)
(1.02308 0.284841 -0.299661)
(1.0002 0.271388 -0.212542)
(0.934971 0.0633137 -0.0640433)
(0.960774 0.164662 -0.161354)
(1.00601 0.238545 -0.230972)
(1.0242 0.282726 -0.29637)
(0.99851 0.267952 -0.21031)
(0.934503 0.062974 -0.0633905)
(0.959987 0.163894 -0.159895)
(1.00511 0.236615 -0.228584)
(1.02366 0.278654 -0.293049)
(0.999069 0.26541 -0.20846)
(0.933473 0.0615732 -0.0619698)
(0.960043 0.161738 -0.156359)
(1.00746 0.234268 -0.224706)
(1.02498 0.277875 -0.289622)
(0.997713 0.262801 -0.20541)
(0.927798 0.0616954 -0.0616729)
(0.954141 0.161485 -0.154199)
(1.0037 0.232389 -0.2206)
(1.02494 0.273949 -0.283785)
(1.00076 0.260225 -0.203429)
(0.920897 0.0605993 -0.0539836)
(0.950404 0.1613 -0.140654)
(1.00613 0.234756 -0.207192)
(1.02802 0.278131 -0.275331)
(1.00339 0.260975 -0.196504)
(0.841139 0.0579411 -0.0469464)
(0.883679 0.158172 -0.12062)
(0.971609 0.234985 -0.180564)
(1.02989 0.280499 -0.247469)
(1.04629 0.263838 -0.188453)
)
;
    }
    walls
    {
        type            noSlip;
    }
}


// ************************************************************************* //
