/*--------------------------------*- C++ -*----------------------------------*\
| =========                 |                                                 |
| \\      /  F ield         | OpenFOAM: The Open Source CFD Toolbox           |
|  \\    /   O peration     | Version:  v2006                                 |
|   \\  /    A nd           | Website:  www.openfoam.com                      |
|    \\/     M anipulation  |                                                 |
\*---------------------------------------------------------------------------*/
FoamFile
{
    version     2.0;
    format      ascii;
    class       volVectorField;
    location    "227";
    object      U:Transformed;
}
// * * * * * * * * * * * * * * * * * * * * * * * * * * * * * * * * * * * * * //

dimensions      [0 1 -1 0 0 0 0];


internalField   nonuniform List<vector> 
1250
(
(0.00351404 -0.129296 0.999789)
(0.00366008 -0.126394 1.0016)
(0.00738525 -0.122094 1.00405)
(0.00797525 -0.117909 1.00678)
(0.00544912 -0.115111 1.0115)
(-0.000838442 -0.114598 1.01289)
(-0.00811474 -0.117127 1.01102)
(-0.0121542 -0.121682 1.00671)
(-0.0113784 -0.126034 1.00243)
(-0.00654833 -0.128002 0.998168)
(5.23686e-06 -0.126148 0.993947)
(0.00538045 -0.121369 0.989034)
(0.00809537 -0.115668 0.985352)
(0.00806171 -0.110756 0.981847)
(0.00597087 -0.10761 0.980093)
(0.00283903 -0.106349 0.978089)
(-0.000341982 -0.106749 0.977172)
(-0.00281856 -0.108171 0.975181)
(-0.00420515 -0.11011 0.973963)
(-0.00449998 -0.111869 0.971483)
(-0.00396469 -0.113181 0.96992)
(-0.00298696 -0.113682 0.967135)
(-0.0019209 -0.113553 0.965464)
(-0.00101812 -0.112749 0.962611)
(-0.000400871 -0.11168 0.961)
(-7.42444e-05 -0.110331 0.958222)
(6.16926e-06 -0.109076 0.956778)
(-4.62299e-05 -0.107763 0.954141)
(-0.000196414 -0.106645 0.952793)
(-0.000323372 -0.105502 0.9503)
(-0.000459666 -0.104479 0.948956)
(-0.000539289 -0.103427 0.946611)
(-0.000588481 -0.102428 0.945323)
(-0.000618471 -0.101385 0.943222)
(-0.000605992 -0.100395 0.942085)
(-0.00060736 -0.0993584 0.940379)
(-0.000588278 -0.098388 0.939427)
(-0.000560073 -0.0974144 0.938268)
(-0.000582063 -0.0964433 0.937482)
(-0.00051294 -0.0955359 0.936902)
(-0.000588456 -0.0945805 0.936163)
(-0.000495599 -0.0937898 0.936055)
(-0.000549059 -0.0929259 0.935433)
(-0.000473746 -0.0922338 0.935471)
(-0.00050917 -0.0911748 0.934972)
(-0.000269234 -0.0904607 0.934506)
(-0.000280743 -0.0884494 0.933477)
(1.25862e-05 -0.0883234 0.927801)
(0.00472102 -0.0820247 0.920903)
(0.00784657 -0.0750788 0.84115)
(0.00351391 -0.129296 0.999789)
(0.00366017 -0.126394 1.0016)
(0.00738534 -0.122094 1.00405)
(0.0079751 -0.117909 1.00678)
(0.00544918 -0.115111 1.0115)
(-0.000838392 -0.114598 1.01289)
(-0.00811491 -0.117127 1.01102)
(-0.0121542 -0.121682 1.00671)
(-0.0113785 -0.126034 1.00243)
(-0.00654834 -0.128002 0.998168)
(5.13218e-06 -0.126149 0.993947)
(0.00538078 -0.121369 0.989034)
(0.00809537 -0.115667 0.985352)
(0.00806166 -0.110756 0.981847)
(0.00597103 -0.10761 0.980093)
(0.00283917 -0.106349 0.978089)
(-0.000342081 -0.106749 0.977172)
(-0.00281846 -0.108171 0.975181)
(-0.00420506 -0.11011 0.973963)
(-0.00449991 -0.111869 0.971483)
(-0.00396479 -0.113181 0.96992)
(-0.00298698 -0.113682 0.967135)
(-0.00192151 -0.113553 0.965464)
(-0.00101984 -0.112748 0.962612)
(-0.00040384 -0.111678 0.961002)
(-7.91186e-05 -0.11033 0.958225)
(-7.83547e-07 -0.109073 0.956783)
(-5.54508e-05 -0.10776 0.954147)
(-0.000208078 -0.106641 0.952801)
(-0.000338204 -0.105497 0.95031)
(-0.000477756 -0.104473 0.948968)
(-0.000559167 -0.103421 0.946624)
(-0.000610878 -0.102421 0.945337)
(-0.000640852 -0.101379 0.943236)
(-0.000628989 -0.10039 0.9421)
(-0.000629672 -0.0993531 0.940394)
(-0.000607556 -0.0983849 0.939442)
(-0.00058037 -0.0974104 0.938282)
(-0.000598347 -0.0964382 0.937494)
(-0.000531925 -0.0955347 0.936915)
(-0.000601034 -0.0945793 0.936176)
(-0.000500962 -0.0937857 0.936066)
(-0.000560476 -0.0929267 0.935444)
(-0.000479462 -0.0922324 0.935486)
(-0.000540853 -0.0911634 0.93498)
(-0.000331282 -0.0904477 0.934507)
(-0.000369047 -0.0884391 0.933472)
(-7.8816e-05 -0.0883212 0.927799)
(0.00463383 -0.0820286 0.920901)
(0.00779538 -0.0750837 0.841149)
(0.00351395 -0.129296 0.999789)
(0.00366013 -0.126394 1.0016)
(0.00738549 -0.122094 1.00405)
(0.00797489 -0.117909 1.00678)
(0.00544938 -0.115111 1.0115)
(-0.000838277 -0.114598 1.01289)
(-0.00811505 -0.117127 1.01102)
(-0.0121543 -0.121682 1.00671)
(-0.0113784 -0.126034 1.00243)
(-0.00654839 -0.128002 0.998168)
(5.02379e-06 -0.126149 0.993947)
(0.00538075 -0.121369 0.989034)
(0.00809551 -0.115667 0.985352)
(0.00806155 -0.110756 0.981847)
(0.005971 -0.10761 0.980093)
(0.00283926 -0.106349 0.978089)
(-0.00034215 -0.106749 0.977172)
(-0.00281863 -0.108171 0.975181)
(-0.00420521 -0.11011 0.973963)
(-0.00449993 -0.111869 0.971483)
(-0.00396483 -0.113181 0.96992)
(-0.00298669 -0.113682 0.967135)
(-0.00192093 -0.113554 0.965465)
(-0.00101903 -0.112749 0.962612)
(-0.00040275 -0.11168 0.961003)
(-7.69579e-05 -0.110332 0.958226)
(1.79646e-06 -0.109077 0.956785)
(-5.18691e-05 -0.107765 0.954148)
(-0.000203785 -0.106648 0.952803)
(-0.000332997 -0.105505 0.950312)
(-0.000472084 -0.104483 0.94897)
(-0.00055316 -0.103431 0.946626)
(-0.000604379 -0.102432 0.94534)
(-0.000634498 -0.101389 0.943239)
(-0.000621845 -0.100401 0.942103)
(-0.000624634 -0.0993637 0.940396)
(-0.000601544 -0.0983933 0.939444)
(-0.000574438 -0.0974187 0.938284)
(-0.000593898 -0.0964457 0.937496)
(-0.000526632 -0.0955425 0.936917)
(-0.00059474 -0.0945854 0.936178)
(-0.000503707 -0.093789 0.936068)
(-0.00055852 -0.0929281 0.935443)
(-0.000466063 -0.092242 0.935487)
(-0.000553009 -0.0911745 0.934982)
(-0.000324631 -0.0904516 0.934505)
(-0.000330684 -0.0884349 0.933469)
(-3.30319e-05 -0.0883268 0.927793)
(0.00468233 -0.082043 0.920894)
(0.00783778 -0.0750941 0.841121)
(0.00351395 -0.129296 0.999789)
(0.00366005 -0.126394 1.0016)
(0.0073855 -0.122094 1.00405)
(0.00797491 -0.117909 1.00678)
(0.00544929 -0.115111 1.0115)
(-0.000838277 -0.114598 1.01289)
(-0.00811497 -0.117127 1.01102)
(-0.0121544 -0.121682 1.00671)
(-0.0113785 -0.126034 1.00243)
(-0.00654843 -0.128002 0.998168)
(5.03468e-06 -0.126149 0.993947)
(0.00538054 -0.121369 0.989034)
(0.00809553 -0.115667 0.985352)
(0.00806151 -0.110756 0.981847)
(0.00597085 -0.10761 0.980093)
(0.00283929 -0.106349 0.978089)
(-0.000342069 -0.106749 0.977172)
(-0.00281871 -0.108171 0.975181)
(-0.00420538 -0.11011 0.973963)
(-0.00450002 -0.111869 0.971483)
(-0.00396492 -0.113181 0.96992)
(-0.00298676 -0.113682 0.967135)
(-0.00192075 -0.113553 0.965465)
(-0.00101859 -0.112749 0.962612)
(-0.000402258 -0.11168 0.961003)
(-7.5982e-05 -0.110332 0.958226)
(3.426e-06 -0.109076 0.956784)
(-4.97574e-05 -0.107763 0.954148)
(-0.000200802 -0.106646 0.952802)
(-0.000329308 -0.105503 0.95031)
(-0.000467268 -0.104481 0.948968)
(-0.00054834 -0.103429 0.946624)
(-0.000598509 -0.10243 0.945337)
(-0.000629116 -0.101387 0.943236)
(-0.000615278 -0.100398 0.9421)
(-0.000619097 -0.0993622 0.940393)
(-0.000596997 -0.098391 0.939441)
(-0.000568543 -0.0974169 0.938281)
(-0.000590225 -0.0964443 0.937493)
(-0.000520501 -0.0955406 0.936914)
(-0.000590934 -0.0945825 0.936175)
(-0.000503307 -0.0937919 0.936066)
(-0.000560076 -0.092927 0.935441)
(-0.000460431 -0.0922423 0.935481)
(-0.000548977 -0.0911765 0.934978)
(-0.000332343 -0.0904532 0.934501)
(-0.000300616 -0.0884279 0.933465)
(-9.1937e-07 -0.0883159 0.927792)
(0.00472407 -0.0820455 0.920891)
(0.00787683 -0.0751093 0.841113)
(0.00351398 -0.129296 0.999789)
(0.00366006 -0.126394 1.0016)
(0.00738534 -0.122094 1.00405)
(0.00797514 -0.117909 1.00678)
(0.00544913 -0.115111 1.0115)
(-0.000838549 -0.114598 1.01289)
(-0.00811489 -0.117127 1.01102)
(-0.0121544 -0.121682 1.00671)
(-0.0113785 -0.126034 1.00243)
(-0.0065484 -0.128002 0.998168)
(5.08017e-06 -0.126149 0.993947)
(0.0053803 -0.121369 0.989034)
(0.00809537 -0.115668 0.985352)
(0.00806153 -0.110756 0.981847)
(0.00597071 -0.10761 0.980092)
(0.00283905 -0.106349 0.978089)
(-0.000341965 -0.106749 0.977172)
(-0.00281872 -0.108171 0.975181)
(-0.0042054 -0.11011 0.973963)
(-0.00450011 -0.111869 0.971483)
(-0.00396492 -0.113181 0.96992)
(-0.00298671 -0.113682 0.967135)
(-0.0019204 -0.113553 0.965464)
(-0.00101761 -0.112748 0.962612)
(-0.000400904 -0.111679 0.961001)
(-7.37684e-05 -0.11033 0.958224)
(6.43597e-06 -0.109075 0.956781)
(-4.56598e-05 -0.107761 0.954144)
(-0.000195547 -0.106644 0.952797)
(-0.000322758 -0.1055 0.950305)
(-0.000459187 -0.104478 0.948962)
(-0.000539376 -0.103426 0.946616)
(-0.000588415 -0.102428 0.945329)
(-0.000618863 -0.101386 0.943227)
(-0.000605008 -0.100395 0.94209)
(-0.000607803 -0.0993604 0.940384)
(-0.000588101 -0.0983893 0.939432)
(-0.000558518 -0.0974149 0.938272)
(-0.000582292 -0.0964444 0.937486)
(-0.000511607 -0.0955377 0.936906)
(-0.000584571 -0.0945817 0.936167)
(-0.000496719 -0.0937963 0.936059)
(-0.00055366 -0.0929236 0.935435)
(-0.000461882 -0.0922342 0.935472)
(-0.000535696 -0.091176 0.934971)
(-0.000327618 -0.0904641 0.9345)
(-0.000286179 -0.0884438 0.933469)
(1.98298e-05 -0.0883218 0.927796)
(0.00474841 -0.0820443 0.920891)
(0.00789108 -0.0751106 0.841128)
(-0.00419907 -0.307769 0.998979)
(-0.00722713 -0.311007 1.00332)
(-0.0183296 -0.315969 1.00828)
(-0.0203262 -0.325225 1.01143)
(-0.0124184 -0.332208 1.01461)
(0.00381832 -0.333085 1.01367)
(0.0202968 -0.325451 1.01005)
(0.0285467 -0.312845 1.00526)
(0.0268095 -0.300648 1.00133)
(0.0174123 -0.292266 0.998547)
(0.00435285 -0.289326 0.996668)
(-0.00707782 -0.29142 0.994423)
(-0.0139488 -0.296768 0.992702)
(-0.0157292 -0.303277 0.990308)
(-0.0132601 -0.309047 0.988596)
(-0.00823516 -0.312597 0.986036)
(-0.00249517 -0.313414 0.984231)
(0.00246081 -0.311624 0.981264)
(0.00579391 -0.308102 0.979312)
(0.00731507 -0.303653 0.976162)
(0.00735729 -0.299203 0.974499)
(0.00642613 -0.295086 0.97165)
(0.00513166 -0.291673 0.970628)
(0.00386117 -0.288737 0.968235)
(0.00292179 -0.286307 0.967788)
(0.00232981 -0.283992 0.965681)
(0.00214404 -0.281803 0.965602)
(0.00217838 -0.279404 0.963587)
(0.00240671 -0.276938 0.963719)
(0.00266032 -0.27415 0.96174)
(0.00291312 -0.271304 0.961997)
(0.00309356 -0.268209 0.960122)
(0.00319469 -0.265161 0.960515)
(0.00323529 -0.261995 0.958842)
(0.00316642 -0.258968 0.959427)
(0.00312472 -0.255959 0.958043)
(0.00294986 -0.253072 0.95888)
(0.00289679 -0.250378 0.957851)
(0.00268299 -0.247628 0.958841)
(0.00265174 -0.245287 0.958208)
(0.00248136 -0.242572 0.959283)
(0.0024716 -0.240601 0.958969)
(0.00230381 -0.237892 0.960056)
(0.00235849 -0.236151 0.959833)
(0.00237458 -0.233401 0.960764)
(0.00288777 -0.231805 0.959982)
(0.00386876 -0.227731 0.960044)
(0.00522639 -0.226008 0.954149)
(0.0147762 -0.216183 0.950412)
(0.0268651 -0.199584 0.883676)
(-0.00419892 -0.307769 0.998979)
(-0.00722732 -0.311007 1.00332)
(-0.0183283 -0.315968 1.00828)
(-0.0203267 -0.325226 1.01143)
(-0.0124203 -0.33221 1.01461)
(0.00381746 -0.333084 1.01367)
(0.0202993 -0.325449 1.01005)
(0.0285477 -0.312844 1.00526)
(0.0268098 -0.300649 1.00133)
(0.017412 -0.292268 0.998547)
(0.00435167 -0.289327 0.996669)
(-0.0070789 -0.291418 0.994423)
(-0.0139482 -0.296766 0.992702)
(-0.0157288 -0.303277 0.990307)
(-0.0132587 -0.309048 0.988596)
(-0.00823486 -0.312599 0.986036)
(-0.00249597 -0.313414 0.984231)
(0.00246015 -0.311624 0.981263)
(0.00579378 -0.308101 0.979313)
(0.00731539 -0.303652 0.976162)
(0.00735676 -0.299204 0.974499)
(0.00642607 -0.295086 0.97165)
(0.00513024 -0.291673 0.970628)
(0.00385616 -0.288733 0.968235)
(0.00291696 -0.286301 0.96779)
(0.00232231 -0.283983 0.965683)
(0.0021339 -0.281792 0.965605)
(0.00216624 -0.27939 0.963591)
(0.00239148 -0.276923 0.963725)
(0.00264066 -0.27413 0.961747)
(0.00289146 -0.271281 0.962005)
(0.00307024 -0.268184 0.960133)
(0.00316822 -0.265134 0.960525)
(0.00321269 -0.261966 0.958853)
(0.00314519 -0.258943 0.959441)
(0.00309948 -0.255936 0.958057)
(0.00292933 -0.25305 0.958892)
(0.00287752 -0.250359 0.957864)
(0.00266702 -0.247607 0.958851)
(0.0026376 -0.245271 0.958225)
(0.00245783 -0.242557 0.959294)
(0.00245489 -0.240581 0.958975)
(0.00230955 -0.237879 0.960069)
(0.00234974 -0.236144 0.959849)
(0.0023512 -0.233395 0.960774)
(0.00286932 -0.231799 0.959998)
(0.00385619 -0.227721 0.960064)
(0.00521245 -0.225985 0.95417)
(0.0147457 -0.216151 0.950432)
(0.0268264 -0.19959 0.883696)
(-0.00419889 -0.307769 0.998979)
(-0.00722737 -0.311007 1.00332)
(-0.0183278 -0.315968 1.00828)
(-0.0203255 -0.325225 1.01143)
(-0.0124197 -0.332212 1.01461)
(0.00381404 -0.333085 1.01367)
(0.0202987 -0.325448 1.01005)
(0.0285484 -0.312843 1.00526)
(0.0268102 -0.300648 1.00133)
(0.0174147 -0.292269 0.998547)
(0.00435261 -0.289329 0.996669)
(-0.00708141 -0.291418 0.994423)
(-0.0139493 -0.296765 0.992702)
(-0.015729 -0.303275 0.990307)
(-0.0132583 -0.309048 0.988596)
(-0.00823327 -0.3126 0.986036)
(-0.00249599 -0.313415 0.984232)
(0.0024597 -0.311623 0.981263)
(0.00579314 -0.3081 0.979313)
(0.00731575 -0.303651 0.976162)
(0.007357 -0.299204 0.974499)
(0.00642632 -0.295086 0.97165)
(0.0051326 -0.291673 0.970629)
(0.00385715 -0.288736 0.968235)
(0.0029167 -0.286303 0.967791)
(0.00232478 -0.283987 0.965685)
(0.0021356 -0.281797 0.965607)
(0.0021689 -0.279398 0.963593)
(0.00239473 -0.276935 0.963727)
(0.00264319 -0.274144 0.96175)
(0.00289351 -0.271297 0.962008)
(0.00307373 -0.268202 0.960136)
(0.00317038 -0.265154 0.960529)
(0.00321346 -0.261987 0.958854)
(0.00315244 -0.258961 0.959443)
(0.00310341 -0.255957 0.95806)
(0.00293237 -0.25307 0.958895)
(0.00288083 -0.25038 0.957866)
(0.00267011 -0.247624 0.958852)
(0.00264587 -0.245288 0.958226)
(0.00246157 -0.242574 0.959301)
(0.00244837 -0.240593 0.958977)
(0.00232085 -0.23789 0.960062)
(0.00236777 -0.236159 0.959857)
(0.00234337 -0.2334 0.960789)
(0.00285731 -0.231799 0.960006)
(0.00385128 -0.227713 0.960058)
(0.00522079 -0.225986 0.954148)
(0.0147675 -0.216156 0.950414)
(0.0268521 -0.199596 0.883712)
(-0.00419894 -0.307769 0.998979)
(-0.00722753 -0.311007 1.00332)
(-0.0183287 -0.315968 1.00828)
(-0.0203252 -0.325224 1.01143)
(-0.0124185 -0.332212 1.01461)
(0.00381309 -0.333088 1.01367)
(0.0202973 -0.32545 1.01005)
(0.0285483 -0.312842 1.00526)
(0.0268094 -0.300647 1.00133)
(0.0174153 -0.292268 0.998547)
(0.00435475 -0.28933 0.996669)
(-0.00708149 -0.291421 0.994423)
(-0.0139506 -0.296766 0.992702)
(-0.0157298 -0.303274 0.990308)
(-0.0132591 -0.309046 0.988596)
(-0.00823261 -0.3126 0.986036)
(-0.00249516 -0.313416 0.984232)
(0.00245953 -0.311624 0.981263)
(0.00579285 -0.308101 0.979313)
(0.00731531 -0.303651 0.976163)
(0.00735762 -0.299203 0.974499)
(0.0064258 -0.295087 0.97165)
(0.00513272 -0.291674 0.970629)
(0.00385925 -0.288738 0.968236)
(0.00291784 -0.286306 0.96779)
(0.00232583 -0.283988 0.965685)
(0.00213904 -0.281797 0.965608)
(0.00217317 -0.279395 0.963593)
(0.00240175 -0.276932 0.963727)
(0.00265159 -0.274142 0.96175)
(0.00290195 -0.271293 0.962008)
(0.00308238 -0.268197 0.960136)
(0.00318021 -0.265148 0.960531)
(0.00321885 -0.261979 0.958856)
(0.0031593 -0.258949 0.959441)
(0.00311368 -0.255946 0.958062)
(0.00293647 -0.253059 0.958896)
(0.00288716 -0.250369 0.957869)
(0.00267024 -0.247617 0.958851)
(0.00265292 -0.245276 0.958225)
(0.00247112 -0.242569 0.959302)
(0.0024453 -0.240592 0.958985)
(0.00230813 -0.237879 0.960062)
(0.00238202 -0.236144 0.959856)
(0.00235498 -0.233401 0.960782)
(0.00286193 -0.231804 0.959999)
(0.00385132 -0.227725 0.960051)
(0.00521752 -0.225989 0.95414)
(0.0147789 -0.216138 0.950406)
(0.0268688 -0.199556 0.883681)
(-0.00419897 -0.307769 0.998979)
(-0.00722743 -0.311007 1.00332)
(-0.0183297 -0.315968 1.00828)
(-0.0203256 -0.325223 1.01143)
(-0.012418 -0.332209 1.01461)
(0.0038142 -0.333087 1.01367)
(0.0202956 -0.325451 1.01005)
(0.0285477 -0.312843 1.00526)
(0.0268095 -0.300646 1.00133)
(0.017414 -0.292266 0.998547)
(0.0043542 -0.289327 0.996668)
(-0.00707954 -0.291421 0.994423)
(-0.0139504 -0.296767 0.992702)
(-0.0157303 -0.303275 0.990308)
(-0.0132605 -0.309045 0.988596)
(-0.00823386 -0.312598 0.986036)
(-0.00249393 -0.313415 0.984231)
(0.00245991 -0.311625 0.981263)
(0.00579266 -0.308101 0.979312)
(0.00731459 -0.303651 0.976163)
(0.0073572 -0.299202 0.974499)
(0.00642631 -0.295085 0.97165)
(0.00513312 -0.291671 0.970629)
(0.00386103 -0.288734 0.968236)
(0.00291977 -0.286302 0.967789)
(0.00232825 -0.283983 0.965684)
(0.00214077 -0.281792 0.965606)
(0.00217456 -0.279388 0.963591)
(0.00240486 -0.276922 0.963724)
(0.00265659 -0.274132 0.961746)
(0.00290831 -0.271284 0.962003)
(0.00308939 -0.268189 0.960129)
(0.00318951 -0.265142 0.960524)
(0.00322897 -0.261976 0.95885)
(0.00316353 -0.258948 0.959432)
(0.00312505 -0.255942 0.958051)
(0.00294647 -0.253057 0.958888)
(0.0028995 -0.250366 0.95786)
(0.00267735 -0.247617 0.958846)
(0.00265715 -0.245274 0.958213)
(0.00248278 -0.242568 0.959293)
(0.00246108 -0.240591 0.958977)
(0.00231483 -0.237878 0.960062)
(0.00238577 -0.236147 0.959847)
(0.00236217 -0.233401 0.960783)
(0.00283909 -0.231802 0.959991)
(0.00383344 -0.227728 0.960042)
(0.00520768 -0.225997 0.954133)
(0.0147871 -0.216169 0.950397)
(0.0268995 -0.199607 0.883682)
(-0.000990852 -0.501008 0.99944)
(0.017128 -0.50225 0.999393)
(0.0375089 -0.488879 0.998193)
(0.0349836 -0.479902 1.00513)
(0.0202628 -0.47614 1.01192)
(-0.00413174 -0.478034 1.01652)
(-0.0268121 -0.487992 1.01667)
(-0.0383648 -0.503276 1.01346)
(-0.0375439 -0.519073 1.00929)
(-0.0256369 -0.530993 1.00493)
(-0.00755834 -0.534045 1.0006)
(0.0088824 -0.528533 0.996329)
(0.0203542 -0.516912 0.992665)
(0.0257266 -0.502626 0.988942)
(0.0256872 -0.488513 0.986445)
(0.0219926 -0.476454 0.984282)
(0.0166356 -0.467056 0.983719)
(0.0113063 -0.460237 0.983147)
(0.00711399 -0.455271 0.984024)
(0.00452419 -0.451399 0.984175)
(0.00348216 -0.447848 0.985561)
(0.00365625 -0.444114 0.985685)
(0.0045172 -0.439878 0.987084)
(0.00567977 -0.435083 0.986964)
(0.00673319 -0.429752 0.988342)
(0.0075635 -0.424118 0.9881)
(0.00802729 -0.418233 0.989607)
(0.00822204 -0.412422 0.9894)
(0.00815003 -0.406583 0.991158)
(0.00795998 -0.401026 0.991013)
(0.00766602 -0.395522 0.993018)
(0.00734359 -0.390346 0.992877)
(0.00704761 -0.385241 0.995032)
(0.00673835 -0.380426 0.994837)
(0.00650904 -0.375717 0.997061)
(0.00625536 -0.371202 0.996763)
(0.00608619 -0.366876 0.998989)
(0.00595447 -0.362608 0.998623)
(0.00575755 -0.358623 1.00084)
(0.00577838 -0.354625 1.00041)
(0.00551269 -0.350805 1.0026)
(0.00565942 -0.34714 1.0021)
(0.00536195 -0.343319 1.0043)
(0.00554072 -0.340015 1.00372)
(0.00542305 -0.33614 1.00601)
(0.00574958 -0.333048 1.0051)
(0.00684084 -0.328591 1.00745)
(0.00843609 -0.324304 1.00369)
(0.0197348 -0.316402 1.00613)
(0.0389633 -0.297496 0.97162)
(-0.000990909 -0.501008 0.99944)
(0.0171274 -0.50225 0.999393)
(0.0375087 -0.48888 0.998192)
(0.0349848 -0.479898 1.00513)
(0.0202665 -0.476142 1.01193)
(-0.00414003 -0.47804 1.01652)
(-0.0268132 -0.487987 1.01667)
(-0.038359 -0.503272 1.01346)
(-0.0375388 -0.519075 1.00929)
(-0.025641 -0.531 1.00493)
(-0.00756485 -0.534048 1.0006)
(0.00887957 -0.528529 0.996329)
(0.0203575 -0.516908 0.992666)
(0.0257321 -0.502625 0.988943)
(0.0256907 -0.488515 0.986444)
(0.0219896 -0.476459 0.984281)
(0.016631 -0.467058 0.98372)
(0.0113037 -0.460236 0.983147)
(0.00711446 -0.455269 0.984024)
(0.00452738 -0.451397 0.984175)
(0.00348349 -0.447849 0.985561)
(0.00365575 -0.444115 0.985684)
(0.00451693 -0.439879 0.987085)
(0.00567504 -0.435083 0.986963)
(0.0067315 -0.429746 0.988341)
(0.00756384 -0.424111 0.988101)
(0.00802661 -0.418226 0.989607)
(0.0082249 -0.412415 0.989399)
(0.00814812 -0.406576 0.991159)
(0.00795459 -0.401015 0.991013)
(0.00766033 -0.395508 0.993018)
(0.00733839 -0.390331 0.992879)
(0.00704037 -0.385223 0.995034)
(0.00673407 -0.380407 0.994835)
(0.00650765 -0.375696 0.997059)
(0.0062541 -0.371187 0.99677)
(0.00608204 -0.366864 0.998993)
(0.00594611 -0.362597 0.998624)
(0.00574878 -0.358612 1.00084)
(0.00577199 -0.354614 1.00042)
(0.00549937 -0.350797 1.00261)
(0.00565811 -0.347133 1.0021)
(0.00535418 -0.343301 1.00429)
(0.00553334 -0.339997 1.00372)
(0.00541745 -0.336138 1.00601)
(0.00574987 -0.333053 1.00511)
(0.00683821 -0.328598 1.00746)
(0.00842907 -0.324312 1.0037)
(0.0197212 -0.316404 1.00614)
(0.0389425 -0.297506 0.971627)
(-0.000990955 -0.501008 0.99944)
(0.0171278 -0.502251 0.999394)
(0.0375082 -0.488879 0.998192)
(0.0349841 -0.479898 1.00513)
(0.0202717 -0.476139 1.01193)
(-0.00414038 -0.478047 1.01652)
(-0.0268207 -0.487988 1.01667)
(-0.0383601 -0.503267 1.01346)
(-0.0375349 -0.51907 1.0093)
(-0.0256355 -0.531003 1.00493)
(-0.00756303 -0.534052 1.0006)
(0.00887303 -0.52853 0.996329)
(0.020353 -0.516905 0.992666)
(0.0257333 -0.502621 0.988943)
(0.0256956 -0.488512 0.986445)
(0.0219936 -0.47646 0.98428)
(0.0166284 -0.467062 0.98372)
(0.0113012 -0.460237 0.983147)
(0.00711102 -0.455268 0.984023)
(0.00452844 -0.451394 0.984175)
(0.0034864 -0.447848 0.985562)
(0.00365667 -0.444116 0.985684)
(0.00451908 -0.43988 0.987085)
(0.00567472 -0.435085 0.986964)
(0.0067278 -0.429747 0.98834)
(0.00756331 -0.424111 0.988102)
(0.00802596 -0.418226 0.989609)
(0.00822801 -0.412414 0.989399)
(0.00815246 -0.406582 0.99116)
(0.00795423 -0.401023 0.991014)
(0.00765858 -0.395519 0.993019)
(0.00733563 -0.390343 0.99288)
(0.00703753 -0.385235 0.995038)
(0.00672794 -0.380419 0.994838)
(0.00650766 -0.375704 0.997055)
(0.00625663 -0.371196 0.996769)
(0.00608764 -0.366877 0.998998)
(0.0059496 -0.362611 0.998627)
(0.00574752 -0.358625 1.00084)
(0.0057756 -0.354624 1.00041)
(0.00549635 -0.350805 1.00261)
(0.00565383 -0.347148 1.00211)
(0.00536203 -0.343316 1.00429)
(0.00552873 -0.340001 1.00372)
(0.00541391 -0.336141 1.00601)
(0.00575318 -0.333054 1.00511)
(0.00684538 -0.328596 1.00747)
(0.00843665 -0.324306 1.00371)
(0.0197287 -0.316397 1.00614)
(0.0389485 -0.297502 0.971627)
(-0.00099113 -0.501008 0.99944)
(0.0171271 -0.502252 0.999393)
(0.0375086 -0.488881 0.998192)
(0.0349839 -0.479896 1.00513)
(0.0202719 -0.476134 1.01192)
(-0.00413447 -0.478049 1.01652)
(-0.0268236 -0.487996 1.01667)
(-0.0383654 -0.503268 1.01346)
(-0.0375368 -0.519066 1.00929)
(-0.0256305 -0.530999 1.00493)
(-0.00755621 -0.534053 1.0006)
(0.0088712 -0.528536 0.996329)
(0.0203474 -0.516908 0.992666)
(0.0257291 -0.50262 0.988943)
(0.0256959 -0.488509 0.986446)
(0.021999 -0.476457 0.98428)
(0.0166316 -0.467063 0.983719)
(0.0112998 -0.46024 0.983148)
(0.00710863 -0.455271 0.984023)
(0.00452399 -0.451394 0.984175)
(0.00348782 -0.447846 0.985562)
(0.00365789 -0.444114 0.985684)
(0.00452075 -0.439879 0.987084)
(0.00567834 -0.435087 0.986964)
(0.00672745 -0.429751 0.98834)
(0.00756266 -0.424112 0.9881)
(0.00802584 -0.418227 0.98961)
(0.00822925 -0.41241 0.989399)
(0.00816214 -0.406575 0.991159)
(0.00796389 -0.401018 0.991014)
(0.0076681 -0.395511 0.993017)
(0.00734418 -0.390336 0.992879)
(0.00704592 -0.385228 0.995037)
(0.00673435 -0.380412 0.994842)
(0.00650939 -0.375695 0.997056)
(0.00626445 -0.371179 0.996763)
(0.0060941 -0.366862 0.998999)
(0.00596493 -0.362596 0.998629)
(0.00575227 -0.358617 1.00085)
(0.00578462 -0.354615 1.00041)
(0.00550299 -0.350794 1.0026)
(0.00565459 -0.34714 1.00211)
(0.00536454 -0.343316 1.0043)
(0.0055404 -0.339998 1.00372)
(0.00540808 -0.33613 1.00601)
(0.00575337 -0.333044 1.00511)
(0.00685301 -0.328589 1.00747)
(0.00844812 -0.324299 1.00371)
(0.0197421 -0.316384 1.00615)
(0.0389631 -0.297477 0.971621)
(-0.000991004 -0.501008 0.99944)
(0.0171276 -0.502249 0.999393)
(0.0375074 -0.488883 0.998192)
(0.0349838 -0.479901 1.00513)
(0.0202678 -0.476131 1.01192)
(-0.00412872 -0.478039 1.01652)
(-0.0268195 -0.487998 1.01667)
(-0.0383686 -0.503273 1.01346)
(-0.0375421 -0.519067 1.00929)
(-0.02563 -0.530991 1.00493)
(-0.00755406 -0.534048 1.0006)
(0.00887656 -0.528538 0.996329)
(0.0203471 -0.516912 0.992665)
(0.0257246 -0.502623 0.988943)
(0.0256906 -0.48851 0.986446)
(0.0219983 -0.476453 0.984281)
(0.016637 -0.46706 0.983719)
(0.011303 -0.46024 0.983148)
(0.00711009 -0.455272 0.984023)
(0.00452096 -0.451397 0.984174)
(0.00348411 -0.447845 0.985562)
(0.00365776 -0.444113 0.985685)
(0.00452097 -0.439875 0.987084)
(0.00568165 -0.435083 0.986964)
(0.00673104 -0.429749 0.988341)
(0.00756314 -0.424109 0.988099)
(0.00802492 -0.418225 0.989609)
(0.00822358 -0.412409 0.9894)
(0.00815831 -0.406569 0.991158)
(0.00796666 -0.401012 0.991015)
(0.00766965 -0.395507 0.993018)
(0.00734822 -0.390331 0.992877)
(0.00704816 -0.385226 0.995035)
(0.0067375 -0.380411 0.994841)
(0.00650608 -0.3757 0.997061)
(0.00626118 -0.371182 0.99676)
(0.00609086 -0.366861 0.998993)
(0.00596535 -0.362597 0.998628)
(0.0057609 -0.358612 1.00085)
(0.00578542 -0.354618 1.00041)
(0.00551544 -0.350793 1.00259)
(0.00565724 -0.347134 1.00211)
(0.00536241 -0.343315 1.0043)
(0.00555036 -0.340004 1.00372)
(0.0054217 -0.336133 1.00601)
(0.00575099 -0.333044 1.00511)
(0.0068511 -0.328588 1.00746)
(0.00844343 -0.324306 1.0037)
(0.0197332 -0.316398 1.00613)
(0.0389571 -0.297503 0.971598)
(-0.0133024 -0.697876 1.00363)
(-0.0692748 -0.713427 1.02687)
(-0.0957769 -0.748136 1.02397)
(-0.0857138 -0.783467 1.01816)
(-0.0525092 -0.806946 1.01092)
(-0.00763735 -0.809101 1.0049)
(0.0320788 -0.787465 0.999009)
(0.054316 -0.75122 0.994009)
(0.0595193 -0.71197 0.98951)
(0.0498782 -0.676286 0.9874)
(0.0307279 -0.650065 0.987255)
(0.0118169 -0.632448 0.988778)
(-0.00446876 -0.621774 0.992255)
(-0.0155654 -0.615783 0.996201)
(-0.0209375 -0.611835 1.00015)
(-0.0214081 -0.608135 1.00322)
(-0.0186672 -0.603141 1.00579)
(-0.0143917 -0.596553 1.00719)
(-0.010135 -0.588083 1.00846)
(-0.00679436 -0.57852 1.00882)
(-0.00485111 -0.568104 1.00965)
(-0.00425258 -0.557837 1.0098)
(-0.00471094 -0.547749 1.01082)
(-0.00583625 -0.538467 1.01116)
(-0.00723272 -0.529709 1.0125)
(-0.00862965 -0.521837 1.01298)
(-0.00979668 -0.514355 1.01448)
(-0.0106773 -0.507531 1.01492)
(-0.0112453 -0.500872 1.0164)
(-0.0115186 -0.494616 1.01667)
(-0.0116174 -0.488388 1.01807)
(-0.0115187 -0.482406 1.01814)
(-0.0114102 -0.476395 1.01945)
(-0.0111831 -0.470613 1.01936)
(-0.011043 -0.464749 1.02058)
(-0.0108517 -0.459203 1.02038)
(-0.0107274 -0.453518 1.0215)
(-0.0106667 -0.448263 1.02122)
(-0.0104936 -0.442824 1.02228)
(-0.010614 -0.437863 1.02193)
(-0.0102894 -0.432775 1.02294)
(-0.0106329 -0.427958 1.02254)
(-0.0100876 -0.423387 1.02356)
(-0.0106107 -0.418461 1.02308)
(-0.00976945 -0.41459 1.02419)
(-0.0103056 -0.409294 1.02366)
(-0.00840568 -0.406283 1.02498)
(-0.00703664 -0.399294 1.02494)
(0.00201135 -0.396234 1.02802)
(0.023648 -0.37798 1.0299)
(-0.0133021 -0.697877 1.00363)
(-0.0692754 -0.713425 1.02687)
(-0.0957806 -0.748135 1.02397)
(-0.0857075 -0.783471 1.01816)
(-0.0525084 -0.80695 1.01092)
(-0.00764772 -0.809099 1.00491)
(0.0320755 -0.78746 0.99901)
(0.0543212 -0.751219 0.994008)
(0.0595294 -0.711973 0.989508)
(0.0498808 -0.676291 0.987398)
(0.0307163 -0.650071 0.987254)
(0.0118104 -0.632443 0.988779)
(-0.00446468 -0.621767 0.992257)
(-0.0155592 -0.615781 0.996203)
(-0.0209316 -0.611839 1.00015)
(-0.0214092 -0.60814 1.00321)
(-0.0186741 -0.603142 1.00579)
(-0.0143942 -0.59655 1.00719)
(-0.0101352 -0.58808 1.00847)
(-0.00679101 -0.578518 1.00882)
(-0.00484694 -0.568104 1.00965)
(-0.00425284 -0.557841 1.0098)
(-0.00470985 -0.54775 1.01082)
(-0.00584176 -0.538466 1.01116)
(-0.00723428 -0.529705 1.0125)
(-0.00862518 -0.521832 1.01298)
(-0.00979576 -0.514353 1.01448)
(-0.0106701 -0.50753 1.01492)
(-0.0112446 -0.50087 1.0164)
(-0.0115203 -0.494614 1.01667)
(-0.0116197 -0.488383 1.01806)
(-0.0115212 -0.4824 1.01814)
(-0.0114123 -0.476387 1.01944)
(-0.0111798 -0.470606 1.01936)
(-0.0110389 -0.464741 1.02058)
(-0.0108457 -0.459196 1.02038)
(-0.0107244 -0.453514 1.0215)
(-0.0106661 -0.448255 1.02122)
(-0.0104948 -0.442819 1.02228)
(-0.0106199 -0.437851 1.02193)
(-0.0102902 -0.432767 1.02294)
(-0.0106354 -0.42795 1.02254)
(-0.010088 -0.423376 1.02356)
(-0.0106056 -0.418449 1.02308)
(-0.0097678 -0.414585 1.02419)
(-0.0103064 -0.409291 1.02366)
(-0.00841209 -0.406278 1.02498)
(-0.00704131 -0.399288 1.02494)
(0.00200476 -0.396229 1.02801)
(0.0236403 -0.377979 1.0299)
(-0.0133022 -0.697877 1.00363)
(-0.0692753 -0.713425 1.02687)
(-0.095783 -0.748133 1.02398)
(-0.0857077 -0.783469 1.01816)
(-0.0525003 -0.806952 1.01092)
(-0.00765131 -0.809102 1.00491)
(0.0320659 -0.787457 0.999013)
(0.0543172 -0.751215 0.994009)
(0.0595339 -0.711971 0.989507)
(0.0498903 -0.676296 0.987399)
(0.030715 -0.650078 0.987253)
(0.0118014 -0.632444 0.988776)
(-0.0044698 -0.621764 0.992258)
(-0.0155585 -0.615776 0.996204)
(-0.020926 -0.611836 1.00016)
(-0.0214014 -0.608143 1.00321)
(-0.0186757 -0.603145 1.00579)
(-0.0143981 -0.596551 1.00719)
(-0.0101389 -0.588077 1.00847)
(-0.00679283 -0.578514 1.00882)
(-0.00484387 -0.568102 1.00965)
(-0.00425036 -0.55784 1.0098)
(-0.00470831 -0.547755 1.01082)
(-0.00584132 -0.538466 1.01115)
(-0.00724133 -0.529706 1.0125)
(-0.00862769 -0.521831 1.01298)
(-0.00979686 -0.51435 1.01448)
(-0.0106683 -0.507529 1.01492)
(-0.0112402 -0.500873 1.0164)
(-0.0115218 -0.494617 1.01667)
(-0.0116219 -0.488388 1.01806)
(-0.0115267 -0.482402 1.01814)
(-0.0114195 -0.476387 1.01944)
(-0.0111859 -0.470606 1.01936)
(-0.011042 -0.464741 1.02058)
(-0.0108459 -0.459197 1.02038)
(-0.0107214 -0.453519 1.02151)
(-0.0106635 -0.44826 1.02122)
(-0.0104917 -0.442826 1.02227)
(-0.0106214 -0.437857 1.02193)
(-0.0102926 -0.432769 1.02294)
(-0.0106352 -0.427957 1.02253)
(-0.010094 -0.42338 1.02356)
(-0.0106054 -0.418451 1.02308)
(-0.00976662 -0.414586 1.02419)
(-0.0103083 -0.409294 1.02366)
(-0.00841389 -0.40628 1.02498)
(-0.00704116 -0.399292 1.02494)
(0.00200738 -0.396232 1.02802)
(0.023648 -0.377983 1.02989)
(-0.013302 -0.697878 1.00363)
(-0.0692732 -0.713425 1.02687)
(-0.0957858 -0.748134 1.02398)
(-0.0857121 -0.783469 1.01816)
(-0.0524931 -0.806954 1.01092)
(-0.00764118 -0.809106 1.0049)
(0.0320633 -0.787459 0.999012)
(0.0543091 -0.751212 0.994012)
(0.0595293 -0.711967 0.989509)
(0.0498952 -0.676296 0.987401)
(0.0307268 -0.650075 0.987251)
(0.0118018 -0.63245 0.988773)
(-0.00447827 -0.621768 0.992256)
(-0.0155651 -0.615775 0.996204)
(-0.0209291 -0.611831 1.00016)
(-0.0213957 -0.60814 1.00322)
(-0.018669 -0.603148 1.00579)
(-0.0143982 -0.596554 1.00719)
(-0.0101402 -0.58808 1.00847)
(-0.00679751 -0.578513 1.00882)
(-0.00484509 -0.568099 1.00965)
(-0.00424835 -0.557836 1.00981)
(-0.00470558 -0.547754 1.01082)
(-0.0058366 -0.538471 1.01115)
(-0.00724071 -0.529706 1.01249)
(-0.00863059 -0.521832 1.01298)
(-0.00979959 -0.51435 1.01448)
(-0.0106699 -0.507526 1.01492)
(-0.0112331 -0.500869 1.0164)
(-0.0115133 -0.494615 1.01667)
(-0.0116137 -0.488387 1.01806)
(-0.0115181 -0.482402 1.01814)
(-0.0114151 -0.476387 1.01944)
(-0.0111852 -0.470602 1.01936)
(-0.0110409 -0.464738 1.02058)
(-0.0108453 -0.459189 1.02037)
(-0.0107169 -0.453512 1.02151)
(-0.0106582 -0.448254 1.02123)
(-0.010483 -0.442821 1.02228)
(-0.0106142 -0.437857 1.02193)
(-0.0102907 -0.432765 1.02294)
(-0.0106317 -0.427954 1.02253)
(-0.0100926 -0.423379 1.02355)
(-0.010609 -0.418447 1.02308)
(-0.00976366 -0.41458 1.02419)
(-0.0103068 -0.409288 1.02365)
(-0.00841517 -0.406276 1.02498)
(-0.00704599 -0.399287 1.02494)
(0.00200657 -0.396228 1.02801)
(0.0236505 -0.377971 1.02989)
(-0.0133028 -0.697877 1.00363)
(-0.0692727 -0.713427 1.02687)
(-0.0957815 -0.748132 1.02398)
(-0.0857199 -0.783466 1.01816)
(-0.0525003 -0.80695 1.01092)
(-0.00763339 -0.809108 1.0049)
(0.0320711 -0.787466 0.999008)
(0.0543072 -0.751216 0.99401)
(0.0595196 -0.711967 0.989511)
(0.049888 -0.67629 0.987402)
(0.0307352 -0.650069 0.987253)
(0.0118122 -0.632453 0.988774)
(-0.00447723 -0.621774 0.992254)
(-0.0155697 -0.615779 0.996201)
(-0.0209368 -0.611831 1.00016)
(-0.0214008 -0.608135 1.00322)
(-0.018664 -0.603146 1.00579)
(-0.014395 -0.596556 1.00719)
(-0.0101381 -0.588083 1.00846)
(-0.0067994 -0.578517 1.00882)
(-0.00484947 -0.5681 1.00965)
(-0.00425112 -0.557834 1.0098)
(-0.00470636 -0.547749 1.01082)
(-0.00583375 -0.53847 1.01116)
(-0.00723717 -0.529709 1.0125)
(-0.00863034 -0.521833 1.01298)
(-0.00980059 -0.51435 1.01448)
(-0.0106784 -0.507527 1.01492)
(-0.0112411 -0.500869 1.0164)
(-0.0115164 -0.494614 1.01667)
(-0.0116173 -0.488388 1.01807)
(-0.0115186 -0.482406 1.01814)
(-0.0114146 -0.476392 1.01944)
(-0.0111877 -0.470609 1.01936)
(-0.0110467 -0.464743 1.02058)
(-0.0108528 -0.459195 1.02038)
(-0.0107237 -0.453512 1.02151)
(-0.0106626 -0.448257 1.02123)
(-0.0104858 -0.44282 1.02228)
(-0.0106093 -0.43786 1.02194)
(-0.01029 -0.43277 1.02294)
(-0.0106286 -0.427954 1.02254)
(-0.0100864 -0.423384 1.02355)
(-0.0106093 -0.418453 1.02308)
(-0.00976618 -0.414584 1.0242)
(-0.0103054 -0.409295 1.02365)
(-0.00841424 -0.406282 1.02498)
(-0.00704783 -0.399292 1.02495)
(0.00199815 -0.396233 1.02802)
(0.0236447 -0.377986 1.02989)
(0.112908 -0.87878 0.997291)
(0.201057 -0.808127 0.978007)
(0.233882 -0.725734 0.97866)
(0.218954 -0.65185 0.979298)
(0.177152 -0.597659 0.977945)
(0.121854 -0.561443 0.981652)
(0.0696736 -0.545745 0.986417)
(0.0332907 -0.539774 0.995123)
(0.0128329 -0.542566 1.00173)
(0.0139808 -0.54491 1.00816)
(0.021838 -0.545583 1.01114)
(0.0378067 -0.542731 1.01385)
(0.054486 -0.535421 1.0143)
(0.0675146 -0.524857 1.01419)
(0.0752244 -0.512445 1.01361)
(0.077551 -0.499754 1.01304)
(0.0755826 -0.487798 1.01264)
(0.0709356 -0.47732 1.01239)
(0.0652119 -0.468393 1.01252)
(0.0598007 -0.461049 1.01255)
(0.0554184 -0.454748 1.01288)
(0.0525471 -0.44936 1.01282)
(0.0509401 -0.444191 1.01298)
(0.0504947 -0.439392 1.01264)
(0.0506555 -0.434319 1.0125)
(0.0511846 -0.42936 1.01191)
(0.0517168 -0.424049 1.01148)
(0.0520523 -0.418857 1.0108)
(0.052201 -0.413452 1.01018)
(0.0519493 -0.408222 1.00958)
(0.0516052 -0.402967 1.00884)
(0.0508654 -0.397872 1.00839)
(0.0502013 -0.392925 1.00754)
(0.0492447 -0.388035 1.0072)
(0.0484424 -0.383451 1.00622)
(0.0475366 -0.378779 1.00596)
(0.0466603 -0.374491 1.00483)
(0.0459947 -0.370066 1.0046)
(0.0450251 -0.365973 1.00336)
(0.0446529 -0.361811 1.00317)
(0.0435605 -0.357805 1.00182)
(0.0434098 -0.35395 1.00168)
(0.0422833 -0.34995 1.00018)
(0.0421304 -0.34646 1.0002)
(0.0412694 -0.342403 0.998513)
(0.0407743 -0.339258 0.99907)
(0.0410855 -0.335204 0.997712)
(0.0406576 -0.331941 1.00076)
(0.0461516 -0.327519 1.00339)
(0.0539647 -0.323802 1.04629)
(0.112907 -0.878778 0.99729)
(0.201056 -0.808125 0.978004)
(0.233888 -0.725737 0.978662)
(0.218957 -0.651859 0.979311)
(0.177151 -0.597649 0.977945)
(0.12184 -0.561422 0.981623)
(0.0696755 -0.545752 0.986403)
(0.0333081 -0.53979 0.995144)
(0.0128369 -0.542574 1.00176)
(0.0139911 -0.5449 1.00817)
(0.0218314 -0.545558 1.01113)
(0.0377825 -0.542727 1.01382)
(0.0544849 -0.535434 1.0143)
(0.0675256 -0.524867 1.0142)
(0.0752369 -0.512451 1.01363)
(0.0775473 -0.499743 1.01305)
(0.0755714 -0.48779 1.01263)
(0.0709257 -0.477313 1.01237)
(0.0652125 -0.468397 1.01251)
(0.0598082 -0.461054 1.01256)
(0.0554243 -0.454755 1.01289)
(0.0525521 -0.449359 1.01284)
(0.0509355 -0.444186 1.01298)
(0.0504863 -0.439385 1.01263)
(0.0506528 -0.434315 1.01248)
(0.0511837 -0.429362 1.0119)
(0.0517225 -0.424053 1.01148)
(0.052062 -0.418859 1.01081)
(0.0522011 -0.41345 1.01019)
(0.0519468 -0.408215 1.00958)
(0.0515958 -0.40296 1.00884)
(0.0508576 -0.397863 1.00837)
(0.0501953 -0.392921 1.00752)
(0.0492438 -0.388033 1.00719)
(0.0484444 -0.383449 1.00621)
(0.0475425 -0.378782 1.00597)
(0.0466625 -0.374486 1.00484)
(0.045993 -0.370063 1.00462)
(0.045017 -0.36596 1.00337)
(0.0446457 -0.361805 1.00316)
(0.043554 -0.357795 1.00181)
(0.0434026 -0.353943 1.00167)
(0.042282 -0.349941 1.00017)
(0.0421281 -0.346453 1.0002)
(0.0412677 -0.342399 0.998517)
(0.0407763 -0.339256 0.999084)
(0.0410861 -0.335204 0.997724)
(0.0406582 -0.331936 1.00077)
(0.046154 -0.327515 1.0034)
(0.053969 -0.3238 1.04629)
(0.112907 -0.87878 0.997291)
(0.201054 -0.808121 0.978)
(0.233887 -0.725734 0.978658)
(0.21896 -0.651867 0.979317)
(0.177156 -0.597661 0.977967)
(0.121835 -0.561406 0.981617)
(0.0696594 -0.545737 0.986371)
(0.033313 -0.539798 0.995133)
(0.0128461 -0.54259 1.00177)
(0.0140033 -0.54491 1.00819)
(0.0218398 -0.54555 1.01114)
(0.0377699 -0.542709 1.0138)
(0.0544718 -0.53543 1.01428)
(0.0675225 -0.524876 1.01419)
(0.0752472 -0.512464 1.01364)
(0.0775599 -0.49975 1.01307)
(0.0755686 -0.487783 1.01264)
(0.0709195 -0.477307 1.01237)
(0.065201 -0.468388 1.01249)
(0.0598093 -0.461057 1.01254)
(0.0554276 -0.454757 1.01289)
(0.05256 -0.449368 1.01285)
(0.0509427 -0.444188 1.013)
(0.0504821 -0.439381 1.01264)
(0.0506466 -0.434312 1.01248)
(0.0511794 -0.429355 1.01188)
(0.0517173 -0.424053 1.01147)
(0.0520668 -0.418866 1.01081)
(0.0522102 -0.413453 1.01021)
(0.0519507 -0.40822 1.0096)
(0.051599 -0.402957 1.00885)
(0.050852 -0.397863 1.00837)
(0.0501913 -0.392916 1.00751)
(0.0492378 -0.388033 1.00717)
(0.0484438 -0.38345 1.00619)
(0.0475461 -0.378786 1.00596)
(0.0466704 -0.374496 1.00485)
(0.0460016 -0.370067 1.00463)
(0.0450209 -0.365969 1.00339)
(0.0446435 -0.361803 1.00317)
(0.0435533 -0.357798 1.00181)
(0.0433967 -0.353941 1.00167)
(0.0422785 -0.349944 1.00015)
(0.042128 -0.346451 1.00017)
(0.0412638 -0.3424 0.998495)
(0.0407817 -0.339259 0.999066)
(0.0410967 -0.33521 0.997719)
(0.0406639 -0.331942 1.00077)
(0.0461586 -0.327521 1.00341)
(0.0539709 -0.323806 1.04631)
(0.112907 -0.87878 0.997293)
(0.201052 -0.808123 0.978001)
(0.233887 -0.725728 0.97865)
(0.21896 -0.651864 0.979309)
(0.177162 -0.597676 0.977981)
(0.121842 -0.561413 0.981648)
(0.0696463 -0.545715 0.986359)
(0.0332983 -0.539783 0.995104)
(0.0128463 -0.542594 1.00175)
(0.0139985 -0.544924 1.0082)
(0.0218506 -0.545571 1.01117)
(0.0377846 -0.542699 1.01382)
(0.0544638 -0.535412 1.01427)
(0.0675108 -0.524868 1.01417)
(0.0752422 -0.512466 1.01362)
(0.0775707 -0.499764 1.01307)
(0.0755792 -0.48779 1.01266)
(0.0709193 -0.477308 1.01239)
(0.0651953 -0.468381 1.01249)
(0.0597967 -0.46105 1.01252)
(0.0554263 -0.454756 1.01288)
(0.0525579 -0.44937 1.01284)
(0.0509526 -0.444198 1.01301)
(0.0504896 -0.439384 1.01266)
(0.0506447 -0.434312 1.01249)
(0.051177 -0.429354 1.01188)
(0.0517118 -0.424044 1.01145)
(0.0520612 -0.418863 1.01079)
(0.0522139 -0.413457 1.01019)
(0.0519567 -0.408221 1.0096)
(0.051605 -0.402964 1.00886)
(0.0508558 -0.39786 1.00839)
(0.0501875 -0.392916 1.00752)
(0.0492339 -0.388024 1.00717)
(0.0484325 -0.383445 1.00618)
(0.0475425 -0.378778 1.00593)
(0.0466676 -0.374493 1.00483)
(0.0460083 -0.370069 1.00462)
(0.0450297 -0.365966 1.0034)
(0.04465 -0.361807 1.00319)
(0.0435568 -0.357793 1.00183)
(0.0433998 -0.353939 1.00168)
(0.0422741 -0.349937 1.00017)
(0.0421266 -0.346449 1.00018)
(0.0412593 -0.34239 0.99849)
(0.0407687 -0.339255 0.999053)
(0.0410975 -0.335201 0.997698)
(0.0406669 -0.331937 1.00075)
(0.0461615 -0.327515 1.00338)
(0.0539751 -0.323797 1.04629)
(0.112909 -0.878781 0.997293)
(0.201052 -0.808126 0.978007)
(0.233882 -0.725729 0.978651)
(0.218959 -0.651853 0.979295)
(0.17716 -0.597678 0.977967)
(0.121856 -0.561438 0.981669)
(0.0696555 -0.545722 0.986392)
(0.0332856 -0.539765 0.995095)
(0.0128394 -0.542577 1.00173)
(0.0139844 -0.544924 1.00817)
(0.0218491 -0.545591 1.01118)
(0.0378078 -0.542713 1.01385)
(0.0544713 -0.535407 1.01429)
(0.0675058 -0.524854 1.01417)
(0.0752287 -0.512455 1.0136)
(0.077566 -0.499763 1.01305)
(0.0755892 -0.487799 1.01266)
(0.0709307 -0.477314 1.0124)
(0.0652007 -0.468386 1.01251)
(0.0597935 -0.461043 1.01254)
(0.0554166 -0.454751 1.01287)
(0.0525527 -0.449363 1.01282)
(0.0509479 -0.444199 1.01299)
(0.0504986 -0.439392 1.01266)
(0.0506511 -0.434315 1.0125)
(0.0511787 -0.429358 1.0119)
(0.0517095 -0.424046 1.01147)
(0.0520541 -0.418858 1.01078)
(0.0522079 -0.413456 1.01018)
(0.0519588 -0.408223 1.00958)
(0.0516103 -0.402966 1.00885)
(0.0508664 -0.397868 1.00839)
(0.0501957 -0.392917 1.00754)
(0.0492387 -0.388031 1.00719)
(0.0484336 -0.38344 1.00619)
(0.047535 -0.378778 1.00593)
(0.0466633 -0.374488 1.00481)
(0.0460001 -0.37007 1.0046)
(0.0450343 -0.365971 1.00337)
(0.0446527 -0.361808 1.00318)
(0.0435654 -0.3578 1.00184)
(0.0434048 -0.353944 1.00169)
(0.0422793 -0.349942 1.00019)
(0.0421288 -0.346451 1.0002)
(0.0412678 -0.342392 0.998506)
(0.0407705 -0.339249 0.999069)
(0.0410909 -0.335201 0.997715)
(0.040665 -0.331939 1.00076)
(0.0461609 -0.32752 1.00339)
(0.0539735 -0.32381 1.0463)
)
;

boundaryField
{
    inlet
    {
        type            calculated;
        value           nonuniform List<vector> 
25
(
(1.11559e-19 -0.131692 1)
(7.48595e-20 -0.131692 1)
(8.28611e-25 -0.131692 1)
(5.07705e-18 -0.131692 1)
(2.42598e-18 -0.131692 1)
(-9.84007e-18 -0.307281 1)
(-1.06542e-17 -0.307281 1)
(8.80741e-24 -0.307281 1)
(1.20048e-18 -0.307281 1)
(8.20892e-19 -0.307281 1)
(-1.26077e-17 -0.500429 1)
(5.4967e-18 -0.500429 1)
(-2.16191e-23 -0.500429 1)
(-1.73696e-17 -0.500429 1)
(-3.09787e-17 -0.500429 1)
(3.60621e-18 -0.696085 1)
(-4.15483e-18 -0.696085 1)
(2.15598e-23 -0.696085 1)
(-4.68589e-18 -0.696085 1)
(3.66165e-18 -0.696085 1)
(-1.20963e-17 -0.892577 1)
(-5.93747e-18 -0.892577 1)
(4.66345e-23 -0.892578 1)
(3.30528e-17 -0.892578 1)
(2.33761e-17 -0.892578 1)
)
;
    }
    outlet
    {
        type            calculated;
        value           nonuniform List<vector> 
25
(
(0.00784657 -0.0750788 0.84115)
(0.00779538 -0.0750837 0.841149)
(0.00783778 -0.0750941 0.841121)
(0.00787683 -0.0751093 0.841113)
(0.00789108 -0.0751106 0.841128)
(0.0268651 -0.199584 0.883676)
(0.0268264 -0.19959 0.883696)
(0.0268521 -0.199596 0.883712)
(0.0268688 -0.199556 0.883681)
(0.0268995 -0.199607 0.883682)
(0.0389633 -0.297496 0.97162)
(0.0389425 -0.297506 0.971627)
(0.0389485 -0.297502 0.971627)
(0.0389631 -0.297477 0.971621)
(0.0389571 -0.297503 0.971598)
(0.023648 -0.37798 1.0299)
(0.0236403 -0.377979 1.0299)
(0.023648 -0.377983 1.02989)
(0.0236505 -0.377971 1.02989)
(0.0236447 -0.377986 1.02989)
(0.0539647 -0.323802 1.04629)
(0.053969 -0.3238 1.04629)
(0.0539709 -0.323806 1.04631)
(0.0539751 -0.323797 1.04629)
(0.0539735 -0.32381 1.0463)
)
;
    }
    side1
    {
        type            cyclicAMI;
        value           nonuniform List<vector> 
250
(
(0.00347074 -0.127705 0.999789)
(-0.00414736 -0.30398 0.998979)
(-0.000978756 -0.494839 0.99944)
(-0.0131387 -0.689285 1.00363)
(0.111519 -0.867961 0.997292)
(0.00361501 -0.124838 1.0016)
(-0.00713835 -0.307178 1.00332)
(0.0169168 -0.496066 0.999393)
(-0.0684208 -0.704643 1.02687)
(0.198579 -0.798177 0.978007)
(0.00729434 -0.120591 1.00405)
(-0.018104 -0.312078 1.00828)
(0.0370466 -0.482862 0.998192)
(-0.0946003 -0.738923 1.02398)
(0.231002 -0.716796 0.978656)
(0.00787701 -0.116457 1.00678)
(-0.0200757 -0.32122 1.01143)
(0.0345528 -0.473993 1.00513)
(-0.0846615 -0.773821 1.01816)
(0.216261 -0.643826 0.979297)
(0.00538201 -0.113694 1.0115)
(-0.0122652 -0.328119 1.01461)
(0.0200151 -0.470273 1.01192)
(-0.051858 -0.797012 1.01092)
(0.174976 -0.59031 0.977956)
(-0.000828163 -0.113187 1.01289)
(0.00376942 -0.328986 1.01367)
(-0.004079 -0.472151 1.01652)
(-0.00754092 -0.799142 1.0049)
(0.120355 -0.554528 0.981661)
(-0.00801493 -0.115685 1.01102)
(0.0200463 -0.321445 1.01005)
(-0.0264852 -0.481988 1.01667)
(0.03168 -0.777771 0.999008)
(0.0688051 -0.539017 0.986404)
(-0.0120047 -0.120184 1.00671)
(0.0281956 -0.308992 1.00526)
(-0.0378946 -0.497079 1.01346)
(0.0536425 -0.741969 0.99401)
(0.0328777 -0.533125 0.995109)
(-0.0112384 -0.124482 1.00243)
(0.0264792 -0.296946 1.00133)
(-0.0370812 -0.512679 1.00929)
(0.0587863 -0.703203 0.98951)
(0.0126791 -0.535892 1.00173)
(-0.00646775 -0.126426 0.998168)
(0.0171987 -0.288668 0.998547)
(-0.025318 -0.524454 1.00493)
(0.0492691 -0.667961 0.987401)
(0.0138116 -0.538208 1.00817)
(5.09833e-06 -0.124595 0.993947)
(0.00430004 -0.285764 0.996668)
(-0.00746294 -0.527471 1.0006)
(0.0303534 -0.642063 0.987254)
(0.0215753 -0.538869 1.01116)
(0.00531414 -0.119875 0.989034)
(-0.00699139 -0.287833 0.994423)
(0.00877051 -0.522029 0.996329)
(0.0116694 -0.624664 0.988776)
(0.0373404 -0.53604 1.01385)
(0.00799569 -0.114244 0.985352)
(-0.0137779 -0.293114 0.992702)
(0.0201001 -0.510549 0.992665)
(-0.00441793 -0.61412 0.992255)
(0.0538069 -0.528823 1.01429)
(0.00796236 -0.109392 0.981847)
(-0.0155363 -0.299542 0.990308)
(0.0254086 -0.496436 0.988943)
(-0.0153762 -0.6082 0.996201)
(0.0666787 -0.518395 1.01418)
(0.00589726 -0.106285 0.980093)
(-0.0130972 -0.305241 0.988596)
(0.0253723 -0.482497 0.986445)
(-0.0206797 -0.6043 1.00015)
(0.0743011 -0.506141 1.0136)
(0.00280408 -0.105039 0.978089)
(-0.00813311 -0.308749 0.986036)
(0.0217245 -0.470587 0.984281)
(-0.0211409 -0.600647 1.00322)
(0.0766043 -0.493605 1.01304)
(-0.000337751 -0.105435 0.977172)
(-0.00246373 -0.309556 0.984231)
(0.0164317 -0.461308 0.983719)
(-0.0184354 -0.595718 1.00579)
(0.0746554 -0.481792 1.01265)
(-0.00278393 -0.106839 0.975181)
(0.0024301 -0.307788 0.981264)
(0.0111656 -0.454573 0.983147)
(-0.0142159 -0.58921 1.00719)
(0.0700593 -0.471441 1.0124)
(-0.00415351 -0.108754 0.973963)
(0.00572191 -0.304308 0.979312)
(0.00702453 -0.449667 0.984024)
(-0.0100117 -0.580843 1.00846)
(0.0644029 -0.462624 1.01252)
(-0.00444465 -0.110492 0.971483)
(0.00722465 -0.299914 0.976163)
(0.00446671 -0.445841 0.984175)
(-0.0067134 -0.571396 1.00882)
(0.0590604 -0.45537 1.01254)
(-0.00391599 -0.111788 0.96992)
(0.00726656 -0.295519 0.974499)
(0.00344001 -0.442333 0.985561)
(-0.00479091 -0.561108 1.00965)
(0.0547354 -0.449151 1.01288)
(-0.00295007 -0.112282 0.967135)
(0.00634701 -0.291453 0.97165)
(0.00361184 -0.438646 0.985685)
(-0.00419972 -0.550968 1.0098)
(0.0519031 -0.443829 1.01282)
(-0.00189704 -0.112155 0.965464)
(0.00506902 -0.288081 0.970629)
(0.0044632 -0.434461 0.987084)
(-0.00465068 -0.541005 1.01082)
(0.0503174 -0.438726 1.01299)
(-0.00100538 -0.11136 0.962611)
(0.00381331 -0.285181 0.968235)
(0.00561074 -0.429726 0.986964)
(-0.0057629 -0.531839 1.01116)
(0.0498749 -0.433982 1.01265)
(-0.000396017 -0.110305 0.961)
(0.00288441 -0.28278 0.967789)
(0.00664897 -0.42446 0.988341)
(-0.0071459 -0.523188 1.0125)
(0.0500293 -0.42897 1.0125)
(-7.31917e-05 -0.108972 0.958223)
(0.00229964 -0.280491 0.965683)
(0.00746952 -0.418892 0.9881)
(-0.00852402 -0.51541 1.01298)
(0.0505513 -0.424074 1.0119)
(6.14647e-06 -0.107732 0.95678)
(0.00211519 -0.278328 0.965604)
(0.00792663 -0.41308 0.989608)
(-0.00967836 -0.50802 1.01448)
(0.0510762 -0.418828 1.01147)
(-4.54922e-05 -0.106435 0.954142)
(0.00214846 -0.275956 0.963589)
(0.00812047 -0.407338 0.9894)
(-0.0105467 -0.50128 1.01492)
(0.0514124 -0.4137 1.01079)
(-0.000193675 -0.105332 0.952795)
(0.00237485 -0.273521 0.963721)
(0.00805265 -0.40157 0.991158)
(-0.011105 -0.494703 1.0164)
(0.0515619 -0.408363 1.01018)
(-0.000319214 -0.104202 0.950302)
(0.00262436 -0.270766 0.961743)
(0.00786422 -0.396081 0.991014)
(-0.0113758 -0.488525 1.01667)
(0.0513145 -0.403196 1.00958)
(-0.000453847 -0.103192 0.948959)
(0.00287338 -0.267954 0.962)
(0.00757222 -0.390645 0.993018)
(-0.0114744 -0.482375 1.01807)
(0.0509723 -0.398005 1.00885)
(-0.000532774 -0.102153 0.946613)
(0.00305186 -0.264897 0.960126)
(0.00725425 -0.385533 0.992877)
(-0.0113768 -0.476466 1.01814)
(0.0502393 -0.392972 1.00839)
(-0.000581212 -0.101167 0.945326)
(0.00315129 -0.261887 0.960519)
(0.00695994 -0.380491 0.995034)
(-0.0112721 -0.470529 1.01944)
(0.0495797 -0.388084 1.00754)
(-0.000611026 -0.100137 0.943224)
(0.00319082 -0.258761 0.958846)
(0.00665379 -0.375735 0.994839)
(-0.011048 -0.464817 1.01936)
(0.0486351 -0.383256 1.0072)
(-0.00059803 -0.0991592 0.942088)
(0.0031244 -0.25577 0.95943)
(0.00642609 -0.371083 0.997061)
(-0.0109094 -0.459024 1.02058)
(0.0478408 -0.378726 1.0062)
(-0.000599947 -0.0981362 0.940382)
(0.00308504 -0.252799 0.958047)
(0.00617966 -0.366622 0.996761)
(-0.0107193 -0.453545 1.02038)
(0.0469505 -0.374115 1.00594)
(-0.000580849 -0.0971773 0.93943)
(0.0029107 -0.249949 0.958884)
(0.00601232 -0.362351 0.998991)
(-0.010594 -0.447931 1.0215)
(0.046087 -0.369879 1.00482)
(-0.000552371 -0.0962152 0.93827)
(0.00286148 -0.247289 0.957855)
(0.00588561 -0.358137 0.998625)
(-0.0105338 -0.442741 1.02122)
(0.0454313 -0.365511 1.0046)
(-0.00057493 -0.0952565 0.937484)
(0.00264637 -0.244574 0.958844)
(0.00568747 -0.354202 1.00085)
(-0.0103609 -0.437369 1.02228)
(0.0444751 -0.361466 1.00337)
(-0.000505826 -0.0943605 0.936904)
(0.00262077 -0.24226 0.958211)
(0.00571014 -0.350255 1.00041)
(-0.0104812 -0.43247 1.02193)
(0.0441028 -0.357355 1.00318)
(-0.000579201 -0.0934163 0.936165)
(0.00245116 -0.239583 0.959288)
(0.00544528 -0.34648 1.0026)
(-0.0101634 -0.427444 1.02294)
(0.0430262 -0.353397 1.00183)
(-0.000489546 -0.0926384 0.936057)
(0.00243523 -0.237635 0.958973)
(0.00558815 -0.342863 1.0021)
(-0.0105002 -0.422687 1.02254)
(0.0428724 -0.34959 1.00169)
(-0.000544753 -0.0917811 0.935434)
(0.00227976 -0.234955 0.960059)
(0.0052958 -0.33909 1.0043)
(-0.00996309 -0.418173 1.02355)
(0.0417601 -0.345638 1.00018)
(-0.00046203 -0.0910975 0.935472)
(0.00234263 -0.233239 0.95984)
(0.00547641 -0.335822 1.00372)
(-0.01048 -0.413305 1.02308)
(0.0416102 -0.34219 1.0002)
(-0.000515915 -0.090055 0.934971)
(0.00233921 -0.230529 0.960774)
(0.005355 -0.331998 1.00601)
(-0.00964798 -0.409483 1.0242)
(0.0407596 -0.338182 0.99851)
(-0.000294489 -0.0893532 0.934503)
(0.00282787 -0.228954 0.959987)
(0.00567912 -0.328946 1.00511)
(-0.0101785 -0.404255 1.02366)
(0.0402697 -0.335077 0.999069)
(-0.000280409 -0.0873581 0.933473)
(0.00380342 -0.224929 0.960043)
(0.00676143 -0.324544 1.00746)
(-0.00830647 -0.401281 1.02498)
(0.040582 -0.331075 0.997713)
(1.58798e-05 -0.0872346 0.927798)
(0.00515194 -0.223222 0.954141)
(0.00833604 -0.320312 1.0037)
(-0.00695565 -0.394378 1.02494)
(0.0401606 -0.327853 1.00076)
(0.00467795 -0.0810223 0.920897)
(0.0145985 -0.213514 0.950404)
(0.0194907 -0.312505 1.00613)
(0.00198001 -0.391356 1.02802)
(0.045588 -0.323487 1.00339)
(0.00777443 -0.0741667 0.841139)
(0.0265532 -0.197136 0.883679)
(0.038481 -0.293837 0.971609)
(0.0233557 -0.373329 1.02989)
(0.0533053 -0.319819 1.04629)
)
;
    }
    side2
    {
        type            cyclicAMI;
        value           nonuniform List<vector> 
250
(
(0.00347074 -0.127705 0.999789)
(-0.00414735 -0.30398 0.998979)
(-0.000978765 -0.49484 0.99944)
(-0.0131386 -0.689285 1.00363)
(0.111519 -0.867961 0.997292)
(0.00361501 -0.124838 1.0016)
(-0.00713833 -0.307178 1.00332)
(0.0169167 -0.496067 0.999393)
(-0.0684206 -0.704643 1.02687)
(0.198579 -0.798178 0.978007)
(0.00729434 -0.120591 1.00405)
(-0.018104 -0.312079 1.00828)
(0.0370465 -0.482862 0.998192)
(-0.0946 -0.738923 1.02398)
(0.231002 -0.716796 0.978656)
(0.00787701 -0.116457 1.00678)
(-0.0200757 -0.32122 1.01143)
(0.0345527 -0.473993 1.00513)
(-0.0846612 -0.773821 1.01816)
(0.216261 -0.643826 0.979297)
(0.00538201 -0.113694 1.0115)
(-0.0122652 -0.328119 1.01461)
(0.020015 -0.470273 1.01192)
(-0.0518577 -0.797013 1.01092)
(0.174976 -0.59031 0.977956)
(-0.000828163 -0.113187 1.01289)
(0.00376942 -0.328986 1.01367)
(-0.00407903 -0.472151 1.01652)
(-0.00754068 -0.799142 1.0049)
(0.120355 -0.554528 0.981661)
(-0.00801493 -0.115685 1.01102)
(0.0200463 -0.321445 1.01005)
(-0.0264852 -0.481988 1.01667)
(0.0316802 -0.777771 0.999008)
(0.068805 -0.539017 0.986404)
(-0.0120047 -0.120184 1.00671)
(0.0281956 -0.308992 1.00526)
(-0.0378946 -0.497079 1.01346)
(0.0536427 -0.741969 0.994009)
(0.0328776 -0.533125 0.995109)
(-0.0112384 -0.124482 1.00243)
(0.0264792 -0.296946 1.00133)
(-0.0370812 -0.512679 1.00929)
(0.0587864 -0.703203 0.98951)
(0.012679 -0.535891 1.00173)
(-0.00646775 -0.126426 0.998168)
(0.0171987 -0.288668 0.998547)
(-0.0253179 -0.524454 1.00493)
(0.0492692 -0.667961 0.987401)
(0.0138115 -0.538208 1.00817)
(5.09833e-06 -0.124595 0.993947)
(0.00430003 -0.285765 0.996668)
(-0.0074629 -0.527471 1.0006)
(0.0303535 -0.642063 0.987254)
(0.0215753 -0.538869 1.01116)
(0.00531414 -0.119875 0.989034)
(-0.00699139 -0.287833 0.994423)
(0.00877054 -0.522029 0.996329)
(0.0116695 -0.624664 0.988776)
(0.0373404 -0.53604 1.01385)
(0.00799569 -0.114244 0.985352)
(-0.0137779 -0.293114 0.992702)
(0.0201001 -0.510549 0.992665)
(-0.00441785 -0.61412 0.992255)
(0.0538069 -0.528823 1.01429)
(0.00796236 -0.109392 0.981847)
(-0.0155363 -0.299542 0.990308)
(0.0254086 -0.496436 0.988943)
(-0.0153761 -0.6082 0.996201)
(0.0666788 -0.518395 1.01418)
(0.00589726 -0.106285 0.980093)
(-0.0130971 -0.305241 0.988596)
(0.0253723 -0.482497 0.986445)
(-0.0206796 -0.6043 1.00015)
(0.0743012 -0.506141 1.0136)
(0.00280408 -0.105039 0.978089)
(-0.00813309 -0.308749 0.986036)
(0.0217245 -0.470587 0.984281)
(-0.0211408 -0.600647 1.00322)
(0.0766043 -0.493604 1.01304)
(-0.000337751 -0.105435 0.977172)
(-0.00246371 -0.309556 0.984231)
(0.0164317 -0.461308 0.983719)
(-0.0184353 -0.595718 1.00579)
(0.0746554 -0.481792 1.01265)
(-0.00278393 -0.106839 0.975181)
(0.00243011 -0.307788 0.981264)
(0.0111656 -0.454573 0.983147)
(-0.0142158 -0.58921 1.00719)
(0.0700593 -0.47144 1.0124)
(-0.00415351 -0.108754 0.973963)
(0.00572191 -0.304308 0.979312)
(0.00702452 -0.449667 0.984024)
(-0.0100116 -0.580843 1.00846)
(0.0644029 -0.462624 1.01252)
(-0.00444465 -0.110492 0.971483)
(0.00722465 -0.299914 0.976163)
(0.0044667 -0.445841 0.984175)
(-0.00671329 -0.571396 1.00882)
(0.0590604 -0.45537 1.01254)
(-0.00391599 -0.111788 0.96992)
(0.00726656 -0.295519 0.974499)
(0.00344 -0.442333 0.985561)
(-0.00479081 -0.561108 1.00965)
(0.0547355 -0.449151 1.01288)
(-0.00295007 -0.112282 0.967135)
(0.00634701 -0.291453 0.97165)
(0.00361184 -0.438646 0.985685)
(-0.00419962 -0.550968 1.0098)
(0.0519031 -0.443828 1.01282)
(-0.00189704 -0.112155 0.965464)
(0.00506902 -0.288081 0.970629)
(0.0044632 -0.434461 0.987084)
(-0.00465058 -0.541005 1.01082)
(0.0503174 -0.438725 1.01299)
(-0.00100538 -0.11136 0.962611)
(0.00381331 -0.285181 0.968235)
(0.00561074 -0.429727 0.986964)
(-0.00576281 -0.531839 1.01116)
(0.0498749 -0.433982 1.01265)
(-0.000396017 -0.110305 0.961)
(0.00288441 -0.28278 0.967789)
(0.00664896 -0.42446 0.988341)
(-0.00714581 -0.523188 1.0125)
(0.0500293 -0.42897 1.0125)
(-7.31917e-05 -0.108972 0.958223)
(0.00229965 -0.280491 0.965683)
(0.00746951 -0.418892 0.9881)
(-0.00852393 -0.51541 1.01298)
(0.0505514 -0.424073 1.0119)
(6.14647e-06 -0.107732 0.95678)
(0.00211519 -0.278328 0.965604)
(0.00792662 -0.41308 0.989608)
(-0.00967827 -0.50802 1.01448)
(0.0510762 -0.418828 1.01147)
(-4.54922e-05 -0.106435 0.954142)
(0.00214847 -0.275957 0.963589)
(0.00812047 -0.407338 0.9894)
(-0.0105466 -0.50128 1.01492)
(0.0514124 -0.4137 1.01079)
(-0.000193675 -0.105332 0.952795)
(0.00237486 -0.273521 0.963721)
(0.00805265 -0.40157 0.991158)
(-0.0111049 -0.494703 1.0164)
(0.0515619 -0.408363 1.01018)
(-0.000319214 -0.104202 0.950302)
(0.00262436 -0.270766 0.961743)
(0.00786421 -0.396081 0.991014)
(-0.0113757 -0.488525 1.01667)
(0.0513145 -0.403196 1.00958)
(-0.000453847 -0.103192 0.948959)
(0.00287338 -0.267954 0.962)
(0.00757222 -0.390645 0.993018)
(-0.0114743 -0.482375 1.01807)
(0.0509723 -0.398005 1.00885)
(-0.000532774 -0.102153 0.946613)
(0.00305187 -0.264897 0.960126)
(0.00725424 -0.385533 0.992877)
(-0.0113768 -0.476466 1.01814)
(0.0502394 -0.392971 1.00839)
(-0.000581212 -0.101167 0.945326)
(0.00315129 -0.261887 0.960519)
(0.00695993 -0.380491 0.995034)
(-0.0112721 -0.470529 1.01944)
(0.0495798 -0.388084 1.00754)
(-0.000611026 -0.100137 0.943224)
(0.00319083 -0.258761 0.958846)
(0.00665378 -0.375736 0.994839)
(-0.011048 -0.464817 1.01936)
(0.0486351 -0.383256 1.0072)
(-0.00059803 -0.0991592 0.942088)
(0.00312441 -0.25577 0.95943)
(0.00642608 -0.371083 0.997061)
(-0.0109093 -0.459024 1.02058)
(0.0478408 -0.378725 1.0062)
(-0.000599947 -0.0981362 0.940382)
(0.00308505 -0.252799 0.958047)
(0.00617965 -0.366622 0.996761)
(-0.0107192 -0.453545 1.02038)
(0.0469505 -0.374115 1.00594)
(-0.000580849 -0.0971773 0.93943)
(0.00291071 -0.249949 0.958884)
(0.00601231 -0.362351 0.998991)
(-0.0105939 -0.447931 1.0215)
(0.046087 -0.369879 1.00482)
(-0.000552371 -0.0962152 0.93827)
(0.00286149 -0.247289 0.957855)
(0.0058856 -0.358138 0.998625)
(-0.0105338 -0.442741 1.02122)
(0.0454314 -0.365511 1.0046)
(-0.00057493 -0.0952565 0.937484)
(0.00264637 -0.244574 0.958844)
(0.00568746 -0.354202 1.00085)
(-0.0103608 -0.437369 1.02228)
(0.0444751 -0.361466 1.00337)
(-0.000505826 -0.0943605 0.936904)
(0.00262078 -0.24226 0.958211)
(0.00571013 -0.350255 1.00041)
(-0.0104811 -0.43247 1.02193)
(0.0441028 -0.357355 1.00318)
(-0.000579201 -0.0934163 0.936165)
(0.00245116 -0.239583 0.959288)
(0.00544527 -0.34648 1.0026)
(-0.0101633 -0.427444 1.02294)
(0.0430262 -0.353397 1.00183)
(-0.000489546 -0.0926384 0.936057)
(0.00243524 -0.237635 0.958973)
(0.00558815 -0.342864 1.0021)
(-0.0105001 -0.422687 1.02254)
(0.0428724 -0.34959 1.00169)
(-0.000544753 -0.0917811 0.935434)
(0.00227976 -0.234955 0.960059)
(0.0052958 -0.33909 1.0043)
(-0.00996301 -0.418173 1.02355)
(0.0417601 -0.345638 1.00018)
(-0.00046203 -0.0910975 0.935472)
(0.00234263 -0.233239 0.95984)
(0.0054764 -0.335822 1.00372)
(-0.0104799 -0.413305 1.02308)
(0.0416102 -0.34219 1.0002)
(-0.000515915 -0.090055 0.934971)
(0.00233921 -0.230529 0.960774)
(0.00535499 -0.331998 1.00601)
(-0.00964791 -0.409483 1.0242)
(0.0407597 -0.338182 0.99851)
(-0.000294489 -0.0893532 0.934503)
(0.00282788 -0.228954 0.959987)
(0.00567912 -0.328946 1.00511)
(-0.0101785 -0.404255 1.02366)
(0.0402697 -0.335077 0.999069)
(-0.000280409 -0.0873581 0.933473)
(0.00380342 -0.224929 0.960043)
(0.00676142 -0.324544 1.00746)
(-0.0083064 -0.401281 1.02498)
(0.0405821 -0.331075 0.997713)
(1.58798e-05 -0.0872346 0.927798)
(0.00515195 -0.223222 0.954141)
(0.00833603 -0.320312 1.0037)
(-0.00695559 -0.394378 1.02494)
(0.0401606 -0.327852 1.00076)
(0.00467795 -0.0810223 0.920897)
(0.0145985 -0.213514 0.950404)
(0.0194907 -0.312505 1.00613)
(0.00198007 -0.391356 1.02802)
(0.0455881 -0.323487 1.00339)
(0.00777443 -0.0741667 0.841139)
(0.0265532 -0.197136 0.883679)
(0.038481 -0.293837 0.971609)
(0.0233557 -0.373329 1.02989)
(0.0533053 -0.319819 1.04629)
)
;
    }
    walls
    {
        type            calculated;
        value           uniform (0 0 0);
    }
}


// ************************************************************************* //
