/*--------------------------------*- C++ -*----------------------------------*\
| =========                 |                                                 |
| \\      /  F ield         | OpenFOAM: The Open Source CFD Toolbox           |
|  \\    /   O peration     | Version:  v2006                                 |
|   \\  /    A nd           | Website:  www.openfoam.com                      |
|    \\/     M anipulation  |                                                 |
\*---------------------------------------------------------------------------*/
FoamFile
{
    version     2.0;
    format      ascii;
    class       volScalarField;
    location    "200";
    object      momentum:cyl_theta;
}
// * * * * * * * * * * * * * * * * * * * * * * * * * * * * * * * * * * * * * //

dimensions      [0 0 0 0 0 0 0];


internalField   nonuniform List<scalar> 
1250
(
2.19911
2.19911
2.19911
2.19911
2.19911
2.19911
2.19911
2.19911
2.19911
2.19911
2.19911
2.19911
2.19911
2.19911
2.19911
2.19911
2.19911
2.19911
2.19911
2.19911
2.19911
2.19911
2.19911
2.19911
2.19911
2.19911
2.19911
2.19911
2.19911
2.19911
2.19911
2.19911
2.19911
2.19911
2.19911
2.19911
2.19911
2.19911
2.19911
2.19911
2.19911
2.19911
2.19911
2.19911
2.19911
2.19911
2.19911
2.19911
2.19911
2.19911
1.88496
1.88496
1.88496
1.88496
1.88496
1.88496
1.88496
1.88496
1.88496
1.88496
1.88496
1.88496
1.88496
1.88496
1.88496
1.88496
1.88496
1.88496
1.88496
1.88496
1.88496
1.88496
1.88496
1.88496
1.88496
1.88496
1.88496
1.88496
1.88496
1.88496
1.88496
1.88496
1.88496
1.88496
1.88496
1.88496
1.88496
1.88496
1.88496
1.88496
1.88496
1.88496
1.88496
1.88496
1.88496
1.88496
1.88496
1.88496
1.88496
1.88496
1.5708
1.5708
1.5708
1.5708
1.5708
1.5708
1.5708
1.5708
1.5708
1.5708
1.5708
1.5708
1.5708
1.5708
1.5708
1.5708
1.5708
1.5708
1.5708
1.5708
1.5708
1.5708
1.5708
1.5708
1.5708
1.5708
1.5708
1.5708
1.5708
1.5708
1.5708
1.5708
1.5708
1.5708
1.5708
1.5708
1.5708
1.5708
1.5708
1.5708
1.5708
1.5708
1.5708
1.5708
1.5708
1.5708
1.5708
1.5708
1.5708
1.5708
1.25664
1.25664
1.25664
1.25664
1.25664
1.25664
1.25664
1.25664
1.25664
1.25664
1.25664
1.25664
1.25664
1.25664
1.25664
1.25664
1.25664
1.25664
1.25664
1.25664
1.25664
1.25664
1.25664
1.25664
1.25664
1.25664
1.25664
1.25664
1.25664
1.25664
1.25664
1.25664
1.25664
1.25664
1.25664
1.25664
1.25664
1.25664
1.25664
1.25664
1.25664
1.25664
1.25664
1.25664
1.25664
1.25664
1.25664
1.25664
1.25664
1.25664
0.942478
0.942478
0.942478
0.942478
0.942478
0.942478
0.942478
0.942478
0.942478
0.942478
0.942478
0.942478
0.942478
0.942478
0.942478
0.942478
0.942478
0.942478
0.942478
0.942478
0.942478
0.942478
0.942478
0.942478
0.942478
0.942478
0.942478
0.942478
0.942478
0.942478
0.942478
0.942478
0.942478
0.942478
0.942478
0.942478
0.942478
0.942478
0.942478
0.942478
0.942478
0.942478
0.942478
0.942478
0.942478
0.942478
0.942478
0.942478
0.942478
0.942478
2.19911
2.19911
2.19911
2.19911
2.19911
2.19911
2.19911
2.19911
2.19911
2.19911
2.19911
2.19911
2.19911
2.19911
2.19911
2.19911
2.19911
2.19911
2.19911
2.19911
2.19911
2.19911
2.19911
2.19911
2.19911
2.19911
2.19911
2.19911
2.19911
2.19911
2.19911
2.19911
2.19911
2.19911
2.19911
2.19911
2.19911
2.19911
2.19911
2.19911
2.19911
2.19911
2.19911
2.19911
2.19911
2.19911
2.19911
2.19911
2.19911
2.19911
1.88496
1.88496
1.88496
1.88496
1.88496
1.88496
1.88496
1.88496
1.88496
1.88496
1.88496
1.88496
1.88496
1.88496
1.88496
1.88496
1.88496
1.88496
1.88496
1.88496
1.88496
1.88496
1.88496
1.88496
1.88496
1.88496
1.88496
1.88496
1.88496
1.88496
1.88496
1.88496
1.88496
1.88496
1.88496
1.88496
1.88496
1.88496
1.88496
1.88496
1.88496
1.88496
1.88496
1.88496
1.88496
1.88496
1.88496
1.88496
1.88496
1.88496
1.5708
1.5708
1.5708
1.5708
1.5708
1.5708
1.5708
1.5708
1.5708
1.5708
1.5708
1.5708
1.5708
1.5708
1.5708
1.5708
1.5708
1.5708
1.5708
1.5708
1.5708
1.5708
1.5708
1.5708
1.5708
1.5708
1.5708
1.5708
1.5708
1.5708
1.5708
1.5708
1.5708
1.5708
1.5708
1.5708
1.5708
1.5708
1.5708
1.5708
1.5708
1.5708
1.5708
1.5708
1.5708
1.5708
1.5708
1.5708
1.5708
1.5708
1.25664
1.25664
1.25664
1.25664
1.25664
1.25664
1.25664
1.25664
1.25664
1.25664
1.25664
1.25664
1.25664
1.25664
1.25664
1.25664
1.25664
1.25664
1.25664
1.25664
1.25664
1.25664
1.25664
1.25664
1.25664
1.25664
1.25664
1.25664
1.25664
1.25664
1.25664
1.25664
1.25664
1.25664
1.25664
1.25664
1.25664
1.25664
1.25664
1.25664
1.25664
1.25664
1.25664
1.25664
1.25664
1.25664
1.25664
1.25664
1.25664
1.25664
0.942478
0.942478
0.942478
0.942478
0.942478
0.942478
0.942478
0.942478
0.942478
0.942478
0.942478
0.942478
0.942478
0.942478
0.942478
0.942478
0.942478
0.942478
0.942478
0.942478
0.942478
0.942478
0.942478
0.942478
0.942478
0.942478
0.942478
0.942478
0.942478
0.942478
0.942478
0.942478
0.942478
0.942478
0.942478
0.942478
0.942478
0.942478
0.942478
0.942478
0.942478
0.942478
0.942478
0.942478
0.942478
0.942478
0.942478
0.942478
0.942478
0.942478
2.19911
2.19911
2.19911
2.19911
2.19911
2.19911
2.19911
2.19911
2.19911
2.19911
2.19911
2.19911
2.19911
2.19911
2.19911
2.19911
2.19911
2.19911
2.19911
2.19911
2.19911
2.19911
2.19911
2.19911
2.19911
2.19911
2.19911
2.19911
2.19911
2.19911
2.19911
2.19911
2.19911
2.19911
2.19911
2.19911
2.19911
2.19911
2.19911
2.19911
2.19911
2.19911
2.19911
2.19911
2.19911
2.19911
2.19911
2.19911
2.19911
2.19911
1.88496
1.88496
1.88496
1.88496
1.88496
1.88496
1.88496
1.88496
1.88496
1.88496
1.88496
1.88496
1.88496
1.88496
1.88496
1.88496
1.88496
1.88496
1.88496
1.88496
1.88496
1.88496
1.88496
1.88496
1.88496
1.88496
1.88496
1.88496
1.88496
1.88496
1.88496
1.88496
1.88496
1.88496
1.88496
1.88496
1.88496
1.88496
1.88496
1.88496
1.88496
1.88496
1.88496
1.88496
1.88496
1.88496
1.88496
1.88496
1.88496
1.88496
1.5708
1.5708
1.5708
1.5708
1.5708
1.5708
1.5708
1.5708
1.5708
1.5708
1.5708
1.5708
1.5708
1.5708
1.5708
1.5708
1.5708
1.5708
1.5708
1.5708
1.5708
1.5708
1.5708
1.5708
1.5708
1.5708
1.5708
1.5708
1.5708
1.5708
1.5708
1.5708
1.5708
1.5708
1.5708
1.5708
1.5708
1.5708
1.5708
1.5708
1.5708
1.5708
1.5708
1.5708
1.5708
1.5708
1.5708
1.5708
1.5708
1.5708
1.25664
1.25664
1.25664
1.25664
1.25664
1.25664
1.25664
1.25664
1.25664
1.25664
1.25664
1.25664
1.25664
1.25664
1.25664
1.25664
1.25664
1.25664
1.25664
1.25664
1.25664
1.25664
1.25664
1.25664
1.25664
1.25664
1.25664
1.25664
1.25664
1.25664
1.25664
1.25664
1.25664
1.25664
1.25664
1.25664
1.25664
1.25664
1.25664
1.25664
1.25664
1.25664
1.25664
1.25664
1.25664
1.25664
1.25664
1.25664
1.25664
1.25664
0.942478
0.942478
0.942478
0.942478
0.942478
0.942478
0.942478
0.942478
0.942478
0.942478
0.942478
0.942478
0.942478
0.942478
0.942478
0.942478
0.942478
0.942478
0.942478
0.942478
0.942478
0.942478
0.942478
0.942478
0.942478
0.942478
0.942478
0.942478
0.942478
0.942478
0.942478
0.942478
0.942478
0.942478
0.942478
0.942478
0.942478
0.942478
0.942478
0.942478
0.942478
0.942478
0.942478
0.942478
0.942478
0.942478
0.942478
0.942478
0.942478
0.942478
2.19911
2.19911
2.19911
2.19911
2.19911
2.19911
2.19911
2.19911
2.19911
2.19911
2.19911
2.19911
2.19911
2.19911
2.19911
2.19911
2.19911
2.19911
2.19911
2.19911
2.19911
2.19911
2.19911
2.19911
2.19911
2.19911
2.19911
2.19911
2.19911
2.19911
2.19911
2.19911
2.19911
2.19911
2.19911
2.19911
2.19911
2.19911
2.19911
2.19911
2.19911
2.19911
2.19911
2.19911
2.19911
2.19911
2.19911
2.19911
2.19911
2.19911
1.88496
1.88496
1.88496
1.88496
1.88496
1.88496
1.88496
1.88496
1.88496
1.88496
1.88496
1.88496
1.88496
1.88496
1.88496
1.88496
1.88496
1.88496
1.88496
1.88496
1.88496
1.88496
1.88496
1.88496
1.88496
1.88496
1.88496
1.88496
1.88496
1.88496
1.88496
1.88496
1.88496
1.88496
1.88496
1.88496
1.88496
1.88496
1.88496
1.88496
1.88496
1.88496
1.88496
1.88496
1.88496
1.88496
1.88496
1.88496
1.88496
1.88496
1.5708
1.5708
1.5708
1.5708
1.5708
1.5708
1.5708
1.5708
1.5708
1.5708
1.5708
1.5708
1.5708
1.5708
1.5708
1.5708
1.5708
1.5708
1.5708
1.5708
1.5708
1.5708
1.5708
1.5708
1.5708
1.5708
1.5708
1.5708
1.5708
1.5708
1.5708
1.5708
1.5708
1.5708
1.5708
1.5708
1.5708
1.5708
1.5708
1.5708
1.5708
1.5708
1.5708
1.5708
1.5708
1.5708
1.5708
1.5708
1.5708
1.5708
1.25664
1.25664
1.25664
1.25664
1.25664
1.25664
1.25664
1.25664
1.25664
1.25664
1.25664
1.25664
1.25664
1.25664
1.25664
1.25664
1.25664
1.25664
1.25664
1.25664
1.25664
1.25664
1.25664
1.25664
1.25664
1.25664
1.25664
1.25664
1.25664
1.25664
1.25664
1.25664
1.25664
1.25664
1.25664
1.25664
1.25664
1.25664
1.25664
1.25664
1.25664
1.25664
1.25664
1.25664
1.25664
1.25664
1.25664
1.25664
1.25664
1.25664
0.942478
0.942478
0.942478
0.942478
0.942478
0.942478
0.942478
0.942478
0.942478
0.942478
0.942478
0.942478
0.942478
0.942478
0.942478
0.942478
0.942478
0.942478
0.942478
0.942478
0.942478
0.942478
0.942478
0.942478
0.942478
0.942478
0.942478
0.942478
0.942478
0.942478
0.942478
0.942478
0.942478
0.942478
0.942478
0.942478
0.942478
0.942478
0.942478
0.942478
0.942478
0.942478
0.942478
0.942478
0.942478
0.942478
0.942478
0.942478
0.942478
0.942478
2.19911
2.19911
2.19911
2.19911
2.19911
2.19911
2.19911
2.19911
2.19911
2.19911
2.19911
2.19911
2.19911
2.19911
2.19911
2.19911
2.19911
2.19911
2.19911
2.19911
2.19911
2.19911
2.19911
2.19911
2.19911
2.19911
2.19911
2.19911
2.19911
2.19911
2.19911
2.19911
2.19911
2.19911
2.19911
2.19911
2.19911
2.19911
2.19911
2.19911
2.19911
2.19911
2.19911
2.19911
2.19911
2.19911
2.19911
2.19911
2.19911
2.19911
1.88496
1.88496
1.88496
1.88496
1.88496
1.88496
1.88496
1.88496
1.88496
1.88496
1.88496
1.88496
1.88496
1.88496
1.88496
1.88496
1.88496
1.88496
1.88496
1.88496
1.88496
1.88496
1.88496
1.88496
1.88496
1.88496
1.88496
1.88496
1.88496
1.88496
1.88496
1.88496
1.88496
1.88496
1.88496
1.88496
1.88496
1.88496
1.88496
1.88496
1.88496
1.88496
1.88496
1.88496
1.88496
1.88496
1.88496
1.88496
1.88496
1.88496
1.5708
1.5708
1.5708
1.5708
1.5708
1.5708
1.5708
1.5708
1.5708
1.5708
1.5708
1.5708
1.5708
1.5708
1.5708
1.5708
1.5708
1.5708
1.5708
1.5708
1.5708
1.5708
1.5708
1.5708
1.5708
1.5708
1.5708
1.5708
1.5708
1.5708
1.5708
1.5708
1.5708
1.5708
1.5708
1.5708
1.5708
1.5708
1.5708
1.5708
1.5708
1.5708
1.5708
1.5708
1.5708
1.5708
1.5708
1.5708
1.5708
1.5708
1.25664
1.25664
1.25664
1.25664
1.25664
1.25664
1.25664
1.25664
1.25664
1.25664
1.25664
1.25664
1.25664
1.25664
1.25664
1.25664
1.25664
1.25664
1.25664
1.25664
1.25664
1.25664
1.25664
1.25664
1.25664
1.25664
1.25664
1.25664
1.25664
1.25664
1.25664
1.25664
1.25664
1.25664
1.25664
1.25664
1.25664
1.25664
1.25664
1.25664
1.25664
1.25664
1.25664
1.25664
1.25664
1.25664
1.25664
1.25664
1.25664
1.25664
0.942478
0.942478
0.942478
0.942478
0.942478
0.942478
0.942478
0.942478
0.942478
0.942478
0.942478
0.942478
0.942478
0.942478
0.942478
0.942478
0.942478
0.942478
0.942478
0.942478
0.942478
0.942478
0.942478
0.942478
0.942478
0.942478
0.942478
0.942478
0.942478
0.942478
0.942478
0.942478
0.942478
0.942478
0.942478
0.942478
0.942478
0.942478
0.942478
0.942478
0.942478
0.942478
0.942478
0.942478
0.942478
0.942478
0.942478
0.942478
0.942478
0.942478
)
;

boundaryField
{
    inlet
    {
        type            calculated;
        value           nonuniform List<scalar> 
25
(
2.19911
1.88496
1.5708
1.25664
0.942478
2.19911
1.88496
1.5708
1.25664
0.942478
2.19911
1.88496
1.5708
1.25664
0.942478
2.19911
1.88496
1.5708
1.25664
0.942478
2.19911
1.88496
1.5708
1.25664
0.942478
)
;
    }
    outlet
    {
        type            calculated;
        value           nonuniform List<scalar> 
25
(
2.19911
1.88496
1.5708
1.25664
0.942478
2.19911
1.88496
1.5708
1.25664
0.942478
2.19911
1.88496
1.5708
1.25664
0.942478
2.19911
1.88496
1.5708
1.25664
0.942478
2.19911
1.88496
1.5708
1.25664
0.942478
)
;
    }
    side1
    {
        type            cyclicAMI;
        value           nonuniform List<scalar> 
250
(
2.35619
2.35619
2.35619
2.35619
2.35619
2.35619
2.35619
2.35619
2.35619
2.35619
2.35619
2.35619
2.35619
2.35619
2.35619
2.35619
2.35619
2.35619
2.35619
2.35619
2.35619
2.35619
2.35619
2.35619
2.35619
2.35619
2.35619
2.35619
2.35619
2.35619
2.35619
2.35619
2.35619
2.35619
2.35619
2.35619
2.35619
2.35619
2.35619
2.35619
2.35619
2.35619
2.35619
2.35619
2.35619
2.35619
2.35619
2.35619
2.35619
2.35619
2.35619
2.35619
2.35619
2.35619
2.35619
2.35619
2.35619
2.35619
2.35619
2.35619
2.35619
2.35619
2.35619
2.35619
2.35619
2.35619
2.35619
2.35619
2.35619
2.35619
2.35619
2.35619
2.35619
2.35619
2.35619
2.35619
2.35619
2.35619
2.35619
2.35619
2.35619
2.35619
2.35619
2.35619
2.35619
2.35619
2.35619
2.35619
2.35619
2.35619
2.35619
2.35619
2.35619
2.35619
2.35619
2.35619
2.35619
2.35619
2.35619
2.35619
2.35619
2.35619
2.35619
2.35619
2.35619
2.35619
2.35619
2.35619
2.35619
2.35619
2.35619
2.35619
2.35619
2.35619
2.35619
2.35619
2.35619
2.35619
2.35619
2.35619
2.35619
2.35619
2.35619
2.35619
2.35619
2.35619
2.35619
2.35619
2.35619
2.35619
2.35619
2.35619
2.35619
2.35619
2.35619
2.35619
2.35619
2.35619
2.35619
2.35619
2.35619
2.35619
2.35619
2.35619
2.35619
2.35619
2.35619
2.35619
2.35619
2.35619
2.35619
2.35619
2.35619
2.35619
2.35619
2.35619
2.35619
2.35619
2.35619
2.35619
2.35619
2.35619
2.35619
2.35619
2.35619
2.35619
2.35619
2.35619
2.35619
2.35619
2.35619
2.35619
2.35619
2.35619
2.35619
2.35619
2.35619
2.35619
2.35619
2.35619
2.35619
2.35619
2.35619
2.35619
2.35619
2.35619
2.35619
2.35619
2.35619
2.35619
2.35619
2.35619
2.35619
2.35619
2.35619
2.35619
2.35619
2.35619
2.35619
2.35619
2.35619
2.35619
2.35619
2.35619
2.35619
2.35619
2.35619
2.35619
2.35619
2.35619
2.35619
2.35619
2.35619
2.35619
2.35619
2.35619
2.35619
2.35619
2.35619
2.35619
2.35619
2.35619
2.35619
2.35619
2.35619
2.35619
2.35619
2.35619
2.35619
2.35619
2.35619
2.35619
2.35619
2.35619
2.35619
2.35619
2.35619
2.35619
2.35619
2.35619
2.35619
2.35619
2.35619
2.35619
2.35619
2.35619
2.35619
2.35619
2.35619
2.35619
)
;
    }
    side2
    {
        type            cyclicAMI;
        value           uniform 0.785398;
    }
    walls
    {
        type            calculated;
        value           nonuniform List<scalar> 
250
(
2.19911
1.88496
1.5708
1.25664
0.942478
2.19911
1.88496
1.5708
1.25664
0.942478
2.19911
1.88496
1.5708
1.25664
0.942478
2.19911
1.88496
1.5708
1.25664
0.942478
2.19911
1.88496
1.5708
1.25664
0.942478
2.19911
1.88496
1.5708
1.25664
0.942478
2.19911
1.88496
1.5708
1.25664
0.942478
2.19911
1.88496
1.5708
1.25664
0.942478
2.19911
1.88496
1.5708
1.25664
0.942478
2.19911
1.88496
1.5708
1.25664
0.942478
2.19911
1.88496
1.5708
1.25664
0.942478
2.19911
1.88496
1.5708
1.25664
0.942478
2.19911
1.88496
1.5708
1.25664
0.942478
2.19911
1.88496
1.5708
1.25664
0.942478
2.19911
1.88496
1.5708
1.25664
0.942478
2.19911
1.88496
1.5708
1.25664
0.942478
2.19911
1.88496
1.5708
1.25664
0.942478
2.19911
1.88496
1.5708
1.25664
0.942478
2.19911
1.88496
1.5708
1.25664
0.942478
2.19911
1.88496
1.5708
1.25664
0.942478
2.19911
1.88496
1.5708
1.25664
0.942478
2.19911
1.88496
1.5708
1.25664
0.942478
2.19911
1.88496
1.5708
1.25664
0.942478
2.19911
1.88496
1.5708
1.25664
0.942478
2.19911
1.88496
1.5708
1.25664
0.942478
2.19911
1.88496
1.5708
1.25664
0.942478
2.19911
1.88496
1.5708
1.25664
0.942478
2.19911
1.88496
1.5708
1.25664
0.942478
2.19911
1.88496
1.5708
1.25664
0.942478
2.19911
1.88496
1.5708
1.25664
0.942478
2.19911
1.88496
1.5708
1.25664
0.942478
2.19911
1.88496
1.5708
1.25664
0.942478
2.19911
1.88496
1.5708
1.25664
0.942478
2.19911
1.88496
1.5708
1.25664
0.942478
2.19911
1.88496
1.5708
1.25664
0.942478
2.19911
1.88496
1.5708
1.25664
0.942478
2.19911
1.88496
1.5708
1.25664
0.942478
2.19911
1.88496
1.5708
1.25664
0.942478
2.19911
1.88496
1.5708
1.25664
0.942478
2.19911
1.88496
1.5708
1.25664
0.942478
2.19911
1.88496
1.5708
1.25664
0.942478
2.19911
1.88496
1.5708
1.25664
0.942478
2.19911
1.88496
1.5708
1.25664
0.942478
2.19911
1.88496
1.5708
1.25664
0.942478
2.19911
1.88496
1.5708
1.25664
0.942478
2.19911
1.88496
1.5708
1.25664
0.942478
2.19911
1.88496
1.5708
1.25664
0.942478
2.19911
1.88496
1.5708
1.25664
0.942478
2.19911
1.88496
1.5708
1.25664
0.942478
2.19911
1.88496
1.5708
1.25664
0.942478
)
;
    }
}


// ************************************************************************* //
