/*--------------------------------*- C++ -*----------------------------------*\
| =========                 |                                                 |
| \\      /  F ield         | OpenFOAM: The Open Source CFD Toolbox           |
|  \\    /   O peration     | Version:  v2006                                 |
|   \\  /    A nd           | Website:  www.openfoam.com                      |
|    \\/     M anipulation  |                                                 |
\*---------------------------------------------------------------------------*/
FoamFile
{
    version     2.0;
    format      ascii;
    class       volVectorField;
    location    "200";
    object      U;
}
// * * * * * * * * * * * * * * * * * * * * * * * * * * * * * * * * * * * * * //

dimensions      [0 1 -1 0 0 0 0];


internalField   nonuniform List<vector> 
1250
(
(0.999771 0.102536 0.0788389)
(1.00162 0.10011 0.0772558)
(1.00401 0.0944336 0.0777434)
(1.00682 0.0906988 0.0757532)
(1.01145 0.0899223 0.0720712)
(1.01295 0.0932047 0.0666779)
(1.01096 0.0995304 0.0622797)
(1.00679 0.10559 0.0616923)
(1.00236 0.108656 0.0648735)
(0.99829 0.10741 0.0699489)
(0.993828 0.102051 0.074148)
(0.989173 0.0950408 0.0756993)
(0.985223 0.0888168 0.0745308)
(0.982042 0.0848904 0.0716303)
(0.979981 0.0835613 0.0680884)
(0.978284 0.0843885 0.0648223)
(0.976978 0.0865532 0.0624756)
(0.97527 0.0891641 0.0613043)
(0.973663 0.0915153 0.0613229)
(0.971321 0.0930631 0.0621248)
(0.969168 0.093688 0.0632931)
(0.966193 0.0933714 0.0643202)
(0.963676 0.0924524 0.0650055)
(0.960296 0.0910611 0.0651586)
(0.957702 0.0895643 0.0648731)
(0.954076 0.0880099 0.0641933)
(0.951618 0.0866283 0.0633013)
(0.94813 0.085391 0.0623083)
(0.946035 0.084374 0.0613349)
(0.94299 0.0834533 0.0604266)
(0.941439 0.0826918 0.0596705)
(0.938889 0.0819165 0.0588081)
(0.937837 0.0812849 0.0584248)
(0.93579 0.0806109 0.057694)
(0.935064 0.0799581 0.0572138)
(0.933767 0.0790322 0.0566987)
(0.934028 0.0787637 0.0557736)
(0.933333 0.0779352 0.0537165)
(0.935126 0.0767269 0.0518997)
(0.935715 0.0754666 0.0505555)
(0.938278 0.0739441 0.049266)
(0.939399 0.0726826 0.048439)
(0.94195 0.0713179 0.0474403)
(0.943905 0.0701189 0.0466953)
(0.946267 0.0686082 0.0455626)
(0.949139 0.0675707 0.0450456)
(0.949931 0.06513 0.0440366)
(0.947287 0.0641115 0.043761)
(0.943482 0.0577763 0.0449715)
(0.879664 0.0530065 0.0436117)
(0.999771 0.12188 0.0432949)
(1.00162 0.119084 0.0425388)
(1.00401 0.113836 0.0447565)
(1.00682 0.109668 0.0440182)
(1.01145 0.107793 0.0407562)
(1.01295 0.109248 0.0346126)
(1.01096 0.113905 0.0284752)
(1.00679 0.119486 0.0260439)
(1.00236 0.123385 0.0281219)
(0.99829 0.123768 0.0333342)
(0.993828 0.119969 0.038983)
(0.989173 0.113781 0.042625)
(0.985223 0.107501 0.0434373)
(0.982041 0.102871 0.0418922)
(0.979981 0.100512 0.0389341)
(0.978285 0.100289 0.035572)
(0.976979 0.101623 0.0326706)
(0.97527 0.103744 0.0307499)
(0.973664 0.105985 0.0300413)
(0.971323 0.107707 0.0303238)
(0.969172 0.108661 0.031238)
(0.966199 0.108679 0.0323096)
(0.963684 0.108016 0.0332423)
(0.960306 0.106743 0.0338139)
(0.957716 0.105231 0.0339989)
(0.954093 0.103545 0.0338291)
(0.951637 0.101956 0.0334028)
(0.94815 0.100475 0.0328391)
(0.946055 0.0992055 0.0322306)
(0.94301 0.0980507 0.0316511)
(0.941457 0.0970947 0.0311656)
(0.938908 0.0960799 0.030599)
(0.937852 0.0953777 0.0304166)
(0.935806 0.094489 0.0299447)
(0.935078 0.0937149 0.0296864)
(0.933773 0.0927105 0.0294333)
(0.934026 0.0921817 0.0285382)
(0.933334 0.0907509 0.0268882)
(0.935125 0.0890373 0.0255673)
(0.935719 0.0874178 0.0246824)
(0.938282 0.0855701 0.0239364)
(0.939401 0.0841132 0.0235441)
(0.941952 0.0825059 0.0230177)
(0.943907 0.0811391 0.0226808)
(0.946268 0.079351 0.022071)
(0.949139 0.0782063 0.0218957)
(0.949925 0.0755791 0.0216932)
(0.947276 0.074527 0.0217502)
(0.94347 0.0688797 0.0248718)
(0.87964 0.063918 0.0250678)
(0.999771 0.129294 0.00351276)
(1.00162 0.1264 0.00365797)
(1.00401 0.122095 0.00738882)
(1.00682 0.117903 0.00797424)
(1.01145 0.115111 0.00545166)
(1.01295 0.114596 -0.00084086)
(1.01096 0.117129 -0.00811707)
(1.00679 0.121686 -0.0121538)
(1.00236 0.126036 -0.0113826)
(0.99829 0.128011 -0.00654362)
(0.993828 0.126144 2.70228e-06)
(0.989173 0.121384 0.00537813)
(0.985223 0.115662 0.00809153)
(0.982041 0.110781 0.00805289)
(0.979981 0.107624 0.00596863)
(0.978285 0.106373 0.00283998)
(0.976979 0.106745 -0.000331432)
(0.975271 0.108169 -0.00281417)
(0.973665 0.110082 -0.0041794)
(0.971324 0.111807 -0.00444126)
(0.969173 0.113 -0.00386653)
(0.9662 0.113349 -0.00285137)
(0.963686 0.113009 -0.00175906)
(0.960309 0.111975 -0.000819665)
(0.957719 0.110597 -0.00017518)
(0.954096 0.108942 0.000186573)
(0.95164 0.107302 0.000271635)
(0.948153 0.105719 0.000194815)
(0.946058 0.104323 7.1109e-06)
(0.943013 0.103044 -0.000189108)
(0.941459 0.101985 -0.000349935)
(0.938911 0.100844 -0.000585818)
(0.937855 0.100115 -0.000538713)
(0.935804 0.099126 -0.000710817)
(0.935079 0.0983165 -0.000736876)
(0.933772 0.0972643 -0.000645658)
(0.93403 0.0964932 -0.00129498)
(0.933332 0.0946352 -0.00240132)
(0.935114 0.0926069 -0.00313954)
(0.935707 0.0907969 -0.00348721)
(0.938265 0.088808 -0.00363627)
(0.939384 0.0872981 -0.00356432)
(0.941931 0.0856063 -0.00356822)
(0.943884 0.0842022 -0.00346429)
(0.946239 0.0823142 -0.0034932)
(0.949109 0.0811731 -0.00330478)
(0.949884 0.0786115 -0.00268051)
(0.947229 0.0776266 -0.00229861)
(0.943418 0.0732159 0.00242247)
(0.87956 0.0685543 0.00413863)
(0.999771 0.124051 -0.0366133)
(1.00162 0.121344 -0.0355809)
(1.00401 0.118403 -0.0307023)
(1.00682 0.114597 -0.0288504)
(1.01145 0.111162 -0.0303862)
(1.01295 0.108728 -0.0362117)
(1.01096 0.108888 -0.0439149)
(1.00679 0.111974 -0.0491621)
(1.00236 0.11635 -0.0497729)
(0.99829 0.119724 -0.0457813)
(0.993828 0.119971 -0.0389779)
(0.989173 0.117105 -0.0323949)
(0.985223 0.112502 -0.0280461)
(0.982041 0.107848 -0.0265747)
(0.979981 0.104201 -0.0275813)
(0.978285 0.102045 -0.0301702)
(0.976978 0.101418 -0.033301)
(0.975271 0.102006 -0.0361028)
(0.973665 0.103403 -0.0379925)
(0.971324 0.104961 -0.038773)
(0.969173 0.106274 -0.0385948)
(0.9662 0.106919 -0.0377354)
(0.963685 0.106933 -0.0365913)
(0.960308 0.106239 -0.0353771)
(0.957717 0.105128 -0.0343369)
(0.954094 0.103664 -0.0334798)
(0.951637 0.102132 -0.0328907)
(0.948149 0.100602 -0.0324734)
(0.946053 0.0992162 -0.0322213)
(0.943009 0.0979413 -0.0320141)
(0.941455 0.0968828 -0.0318353)
(0.938906 0.0957262 -0.0317153)
(0.937855 0.0950503 -0.0314429)
(0.935798 0.0940511 -0.0313)
(0.935074 0.0932827 -0.0310861)
(0.933765 0.0923208 -0.0306662)
(0.934031 0.091383 -0.0310034)
(0.933327 0.0892624 -0.031486)
(0.935111 0.0871073 -0.0315605)
(0.935704 0.0852887 -0.0313249)
(0.938262 0.0833512 -0.0308551)
(0.939383 0.0819379 -0.0303237)
(0.941931 0.080326 -0.0298044)
(0.943885 0.0790222 -0.0292681)
(0.946241 0.0772186 -0.0287119)
(0.949113 0.0761918 -0.0281746)
(0.949891 0.0739495 -0.0267844)
(0.947236 0.0731297 -0.0261151)
(0.943426 0.0703891 -0.0202638)
(0.87958 0.0664863 -0.0171973)
(0.999771 0.106666 -0.0731553)
(1.00162 0.10441 -0.0713369)
(1.00401 0.10312 -0.0657878)
(1.00682 0.100073 -0.062851)
(1.01145 0.0963314 -0.06325)
(1.01295 0.0922162 -0.068038)
(1.01096 0.0899881 -0.0754136)
(1.00679 0.0913018 -0.081358)
(1.00236 0.0952748 -0.083291)
(0.99829 0.0997169 -0.0805377)
(0.993828 0.102055 -0.0741435)
(0.989173 0.101363 -0.0669969)
(0.985223 0.0983287 -0.0614385)
(0.982042 0.0943573 -0.0586009)
(0.979981 0.0905777 -0.058431)
(0.978285 0.0877273 -0.0602275)
(0.976978 0.0861643 -0.0630109)
(0.975271 0.0858575 -0.0658566)
(0.973664 0.0866014 -0.0680857)
(0.971323 0.0878417 -0.0693082)
(0.969171 0.0891458 -0.0695432)
(0.966197 0.0900252 -0.0689235)
(0.96368 0.0903926 -0.0678381)
(0.960302 0.0901073 -0.0664665)
(0.957709 0.0893733 -0.065132)
(0.954084 0.0882449 -0.0638627)
(0.951626 0.0869721 -0.0628273)
(0.948137 0.0856467 -0.0619563)
(0.946041 0.0844081 -0.0612896)
(0.942997 0.0832592 -0.0606981)
(0.941444 0.0823072 -0.0601992)
(0.938894 0.0812476 -0.0597377)
(0.937845 0.0806875 -0.059258)
(0.935788 0.0797802 -0.0588206)
(0.935064 0.079113 -0.0583954)
(0.933759 0.0783362 -0.0576912)
(0.934029 0.0773607 -0.0576947)
(0.933327 0.0751717 -0.0575182)
(0.935113 0.0730832 -0.0569194)
(0.935703 0.0714259 -0.0561298)
(0.938265 0.0697305 -0.0550829)
(0.939386 0.0685526 -0.0541421)
(0.941935 0.0671789 -0.0531528)
(0.94389 0.0661025 -0.0522402)
(0.946249 0.0645594 -0.0511548)
(0.949121 0.0637473 -0.0503255)
(0.949907 0.0620417 -0.0483107)
(0.947262 0.0614681 -0.0474208)
(0.943453 0.0606653 -0.0410181)
(0.879623 0.0578975 -0.036901)
(0.998972 0.25146 0.177507)
(1.00333 0.255854 0.176956)
(1.00827 0.266405 0.1709)
(1.01146 0.275049 0.174711)
(1.01458 0.276072 0.185221)
(1.01371 0.267232 0.198872)
(1.01 0.251362 0.207711)
(1.00533 0.236323 0.206986)
(1.00128 0.227472 0.198401)
(0.998636 0.226234 0.185897)
(0.996581 0.231505 0.173584)
(0.994527 0.239946 0.165583)
(0.992594 0.248289 0.16313)
(0.990475 0.254657 0.165563)
(0.988474 0.257838 0.170957)
(0.986218 0.25775 0.177116)
(0.983997 0.255001 0.182217)
(0.981406 0.250623 0.185155)
(0.978946 0.24576 0.185781)
(0.976148 0.241156 0.18438)
(0.973802 0.237334 0.181705)
(0.97107 0.234284 0.178413)
(0.969181 0.231935 0.175153)
(0.966642 0.229908 0.172159)
(0.965258 0.22803 0.169643)
(0.962811 0.226004 0.167429)
(0.961792 0.223904 0.165542)
(0.959427 0.221535 0.163772)
(0.958716 0.219162 0.162135)
(0.956528 0.21658 0.160452)
(0.956276 0.214174 0.158845)
(0.954347 0.211577 0.157129)
(0.954667 0.209358 0.155534)
(0.953161 0.206932 0.153796)
(0.9539 0.204785 0.152133)
(0.952266 0.20259 0.150907)
(0.953104 0.200752 0.149131)
(0.951511 0.198829 0.147621)
(0.952785 0.196524 0.145419)
(0.951742 0.194322 0.143463)
(0.953693 0.191608 0.140867)
(0.953213 0.189145 0.138755)
(0.955533 0.186159 0.136085)
(0.95525 0.183707 0.134087)
(0.95772 0.180501 0.131263)
(0.957466 0.178013 0.129642)
(0.959817 0.173239 0.127011)
(0.955966 0.169942 0.126209)
(0.954003 0.156645 0.12712)
(0.897748 0.140224 0.126582)
(0.998973 0.294006 0.0911135)
(1.00333 0.298014 0.089232)
(1.00827 0.306178 0.0802105)
(1.01146 0.315576 0.0811649)
(1.01458 0.319794 0.090845)
(1.01371 0.315604 0.106563)
(1.01 0.303248 0.11987)
(1.00533 0.288722 0.123825)
(1.00128 0.27765 0.118399)
(0.998636 0.272607 0.106886)
(0.996581 0.273812 0.0935469)
(0.994526 0.279369 0.0833331)
(0.992594 0.286549 0.0784234)
(0.990476 0.293357 0.0787673)
(0.988474 0.298046 0.0829124)
(0.986217 0.299865 0.0887961)
(0.983998 0.298825 0.0944987)
(0.981405 0.295574 0.0986454)
(0.978946 0.29114 0.100741)
(0.97615 0.286327 0.100827)
(0.973804 0.281863 0.099457)
(0.971073 0.277939 0.0972655)
(0.969189 0.274692 0.0948852)
(0.966648 0.271837 0.0926577)
(0.965268 0.269268 0.0908378)
(0.962825 0.266657 0.0893554)
(0.961807 0.264075 0.0882014)
(0.959443 0.261273 0.0872481)
(0.958735 0.25851 0.0864262)
(0.956546 0.255533 0.0856254)
(0.956295 0.25275 0.0848466)
(0.954367 0.249755 0.0840139)
(0.954681 0.247154 0.0831811)
(0.953178 0.244302 0.0823096)
(0.953925 0.241772 0.081404)
(0.952293 0.239323 0.0808867)
(0.953123 0.237004 0.0797311)
(0.951532 0.234704 0.0788663)
(0.95282 0.231832 0.0774594)
(0.951771 0.229126 0.0762457)
(0.953711 0.225728 0.0746037)
(0.953226 0.222726 0.0733548)
(0.955534 0.219067 0.0717358)
(0.955257 0.216116 0.0705874)
(0.957707 0.212198 0.0688829)
(0.957449 0.209331 0.068104)
(0.959803 0.203977 0.0670897)
(0.955963 0.200612 0.0673635)
(0.953996 0.18828 0.0723718)
(0.897736 0.172532 0.0769886)
(0.998972 0.307772 -0.00419874)
(1.00333 0.311002 -0.00722659)
(1.00827 0.315978 -0.0183277)
(1.01146 0.325214 -0.0203273)
(1.01458 0.332216 -0.0124256)
(1.01371 0.333084 0.00382181)
(1.01 0.325445 0.0202984)
(1.00533 0.312855 0.0285454)
(1.00128 0.300649 0.0268044)
(0.998637 0.292296 0.0174138)
(0.996581 0.289317 0.00435434)
(0.994526 0.291444 -0.00707627)
(0.992594 0.296758 -0.0139621)
(0.990476 0.303341 -0.0157382)
(0.988475 0.309082 -0.0132474)
(0.986217 0.31263 -0.00821531)
(0.983998 0.313399 -0.0024687)
(0.981407 0.31159 0.00248141)
(0.978945 0.308024 0.00584384)
(0.976151 0.303472 0.00741723)
(0.973807 0.29881 0.00749017)
(0.971074 0.294402 0.00661803)
(0.969192 0.290581 0.00535823)
(0.966653 0.28718 0.00412335)
(0.96527 0.284178 0.00318663)
(0.962828 0.281241 0.00258678)
(0.961813 0.278437 0.00228671)
(0.959447 0.275479 0.00224359)
(0.958739 0.2726 0.0023159)
(0.956552 0.269524 0.00247414)
(0.956297 0.266629 0.00259254)
(0.954372 0.26352 0.00272693)
(0.954681 0.260787 0.00274441)
(0.95318 0.257807 0.00278626)
(0.953933 0.255113 0.00270141)
(0.952307 0.252609 0.00297747)
(0.953119 0.250025 0.00258835)
(0.951529 0.247575 0.00248381)
(0.952816 0.244442 0.00204003)
(0.951775 0.241519 0.00172184)
(0.953709 0.237788 0.0012094)
(0.953233 0.23455 0.00095442)
(0.955547 0.230567 0.000551338)
(0.955266 0.227414 0.000377421)
(0.957711 0.223171 -3.32579e-05)
(0.957451 0.22021 0.000111142)
(0.9598 0.214811 0.000806798)
(0.955957 0.211689 0.00212198)
(0.953997 0.201494 0.0107108)
(0.897743 0.187924 0.0199704)
(0.998972 0.291411 -0.0990998)
(1.00333 0.293548 -0.102978)
(1.00827 0.29485 -0.115073)
(1.01146 0.303015 -0.119828)
(1.01458 0.312119 -0.114478)
(1.01371 0.317963 -0.0992978)
(1.01 0.315787 -0.0812633)
(1.00533 0.306363 -0.0695271)
(1.00128 0.294218 -0.0674126)
(0.998637 0.283373 -0.0737624)
(0.996582 0.276506 -0.0852626)
(0.994526 0.274992 -0.0967934)
(0.992593 0.277916 -0.104982)
(0.990476 0.283631 -0.108705)
(0.988476 0.289862 -0.108109)
(0.986217 0.294794 -0.104421)
(0.983997 0.297298 -0.0991947)
(0.981407 0.297105 -0.0939257)
(0.978946 0.294754 -0.0896284)
(0.976149 0.290913 -0.0867226)
(0.973808 0.286503 -0.085209)
(0.971074 0.282043 -0.0846762)
(0.969191 0.278018 -0.0846939)
(0.966655 0.274401 -0.0848153)
(0.965271 0.271254 -0.0847791)
(0.962826 0.268272 -0.084437)
(0.961816 0.265511 -0.0838495)
(0.959448 0.262683 -0.0829755)
(0.958739 0.259964 -0.0820186)
(0.956554 0.257087 -0.080921)
(0.956301 0.25437 -0.0799079)
(0.95437 0.251461 -0.0788302)
(0.954686 0.248859 -0.0779751)
(0.953179 0.246027 -0.0770045)
(0.953934 0.243451 -0.0762398)
(0.952306 0.241172 -0.0752257)
(0.953122 0.238609 -0.0748105)
(0.951514 0.236232 -0.0741385)
(0.952812 0.233108 -0.0735712)
(0.95178 0.230237 -0.0729647)
(0.953708 0.226525 -0.0723031)
(0.953218 0.223359 -0.0715476)
(0.955524 0.219443 -0.0706967)
(0.955236 0.216389 -0.069882)
(0.9577 0.212227 -0.0689526)
(0.957447 0.209458 -0.0678944)
(0.959806 0.204535 -0.0655613)
(0.955962 0.201962 -0.0633387)
(0.954008 0.194907 -0.0519987)
(0.897757 0.184866 -0.0389845)
(0.998973 0.246525 -0.1843)
(1.00333 0.247358 -0.188649)
(1.00827 0.244859 -0.200555)
(1.01146 0.251155 -0.207599)
(1.01458 0.261468 -0.205325)
(1.01371 0.271717 -0.192696)
(1.01 0.27522 -0.174869)
(1.00533 0.269882 -0.160796)
(1.00128 0.258985 -0.15503)
(0.998637 0.24671 -0.157718)
(0.996582 0.236627 -0.166534)
(0.994527 0.231623 -0.177035)
(0.992593 0.231871 -0.185726)
(0.990475 0.236155 -0.19103)
(0.988476 0.242266 -0.192388)
(0.986218 0.248097 -0.190406)
(0.983997 0.252096 -0.186212)
(0.981407 0.253538 -0.181136)
(0.978946 0.252629 -0.176322)
(0.976149 0.24987 -0.172372)
(0.973806 0.246144 -0.169564)
(0.971074 0.242067 -0.167679)
(0.969186 0.238235 -0.16645)
(0.96665 0.234756 -0.165444)
(0.965266 0.231775 -0.164436)
(0.962819 0.229041 -0.163193)
(0.961805 0.226599 -0.161777)
(0.95944 0.224185 -0.160073)
(0.958726 0.221895 -0.158323)
(0.956542 0.219503 -0.156388)
(0.956286 0.217237 -0.154591)
(0.954358 0.214798 -0.152669)
(0.954677 0.212595 -0.151036)
(0.953169 0.210206 -0.149255)
(0.953914 0.207977 -0.147754)
(0.952288 0.206116 -0.146069)
(0.953126 0.203815 -0.144873)
(0.951503 0.20175 -0.143503)
(0.952791 0.198945 -0.141968)
(0.951767 0.196428 -0.14048)
(0.953726 0.193122 -0.138703)
(0.95325 0.190352 -0.137013)
(0.955561 0.18689 -0.135001)
(0.955271 0.184238 -0.13328)
(0.957722 0.180568 -0.131104)
(0.957456 0.178264 -0.129245)
(0.959805 0.17432 -0.125515)
(0.955968 0.17257 -0.122622)
(0.954012 0.169376 -0.109685)
(0.89777 0.163851 -0.0942064)
(0.999439 0.405907 0.293682)
(0.999391 0.39626 0.30907)
(0.998191 0.373472 0.317705)
(1.00514 0.367679 0.310377)
(1.01191 0.373287 0.296264)
(1.01654 0.389167 0.277648)
(1.01665 0.410578 0.265138)
(1.0135 0.42971 0.264767)
(1.00925 0.442021 0.274742)
(1.00499 0.444646 0.291386)
(1.00054 0.436499 0.307796)
(0.996407 0.422383 0.317838)
(0.992573 0.406248 0.320293)
(0.989062 0.391524 0.316256)
(0.986307 0.38014 0.307949)
(0.984438 0.37252 0.297869)
(0.983538 0.368068 0.288004)
(0.983325 0.365656 0.279652)
(0.9838 0.364057 0.273346)
(0.984366 0.362368 0.268978)
(0.985318 0.35992 0.266025)
(0.985831 0.356562 0.263893)
(0.986801 0.352317 0.261958)
(0.987012 0.347433 0.259872)
(0.988016 0.342146 0.257392)
(0.988048 0.336727 0.254505)
(0.989291 0.331332 0.25122)
(0.989227 0.326135 0.247681)
(0.990743 0.321221 0.243997)
(0.990645 0.316613 0.240292)
(0.992446 0.312318 0.236711)
(0.992245 0.308368 0.233268)
(0.99431 0.304581 0.230053)
(0.993983 0.301053 0.226993)
(0.996226 0.297594 0.224163)
(0.995863 0.294328 0.221474)
(0.998252 0.291042 0.218934)
(0.997389 0.287926 0.216592)
(0.999475 0.284727 0.214159)
(0.997808 0.281443 0.212041)
(0.999562 0.277954 0.209488)
(0.997154 0.274433 0.207252)
(0.998806 0.270746 0.204413)
(0.995942 0.267141 0.20204)
(0.997843 0.263145 0.198993)
(0.994756 0.259425 0.196546)
(0.997034 0.254159 0.193896)
(0.992412 0.248862 0.191755)
(0.994874 0.235292 0.194033)
(0.96155 0.210948 0.197018)
(0.99944 0.476793 0.153876)
(0.99939 0.472372 0.171494)
(0.998193 0.453363 0.186744)
(1.00514 0.445603 0.181567)
(1.01191 0.44658 0.166407)
(1.01654 0.455903 0.143798)
(1.01665 0.472406 0.125295)
(1.0135 0.490502 0.119022)
(1.00925 0.505295 0.124701)
(1.00498 0.512927 0.139713)
(1.00054 0.510244 0.157844)
(0.996407 0.499922 0.171766)
(0.992571 0.485344 0.179084)
(0.989063 0.470097 0.179788)
(0.986308 0.456698 0.175403)
(0.984436 0.446337 0.168167)
(0.983538 0.43904 0.160171)
(0.983328 0.434174 0.152982)
(0.983798 0.43071 0.147465)
(0.984364 0.427749 0.143836)
(0.985321 0.42451 0.141776)
(0.985827 0.420651 0.14078)
(0.986801 0.416004 0.140255)
(0.987015 0.410715 0.139783)
(0.988015 0.404917 0.139055)
(0.988046 0.398875 0.137985)
(0.989296 0.392731 0.136521)
(0.989227 0.386694 0.134759)
(0.990745 0.380883 0.13277)
(0.990648 0.375351 0.130669)
(0.992451 0.37016 0.128596)
(0.99225 0.365341 0.126543)
(0.994308 0.360741 0.12466)
(0.99398 0.356446 0.122848)
(0.99624 0.352287 0.121217)
(0.995874 0.348365 0.119665)
(0.998254 0.344456 0.118272)
(0.997383 0.340745 0.117031)
(0.999476 0.336941 0.115694)
(0.997833 0.333172 0.114663)
(0.999596 0.329058 0.113296)
(0.99719 0.325029 0.11223)
(0.99884 0.320635 0.110657)
(0.995972 0.316471 0.109492)
(0.997871 0.311719 0.107843)
(0.994784 0.307407 0.106666)
(0.997062 0.301572 0.105765)
(0.99244 0.295861 0.105373)
(0.994901 0.283675 0.111761)
(0.961555 0.26149 0.122166)
(0.99944 0.501008 -0.000992106)
(0.99939 0.502249 0.017127)
(0.998193 0.48888 0.0375103)
(1.00514 0.479893 0.0349844)
(1.01191 0.476152 0.0202623)
(1.01654 0.478032 -0.00413445)
(1.01665 0.487996 -0.0268147)
(1.0135 0.503272 -0.0383673)
(1.00925 0.519101 -0.0375436)
(1.00498 0.531004 -0.0256355)
(1.00054 0.534048 -0.00756671)
(0.996408 0.528525 0.0088784)
(0.99257 0.516926 0.0203483)
(0.989063 0.502649 0.0257239)
(0.98631 0.48855 0.0256915)
(0.984436 0.476463 0.0220035)
(0.983534 0.467044 0.0166516)
(0.98333 0.46019 0.011334)
(0.9838 0.455202 0.00715585)
(0.984361 0.451261 0.00461713)
(0.985325 0.44755 0.00366111)
(0.985829 0.443575 0.00389575)
(0.986798 0.43899 0.00483184)
(0.987018 0.433813 0.00602185)
(0.98802 0.428076 0.00712558)
(0.988044 0.421997 0.00798015)
(0.989299 0.415711 0.00848382)
(0.989231 0.409426 0.00867078)
(0.990745 0.403291 0.0085743)
(0.990649 0.397382 0.00827673)
(0.992451 0.391802 0.00791089)
(0.992255 0.386582 0.0074457)
(0.994308 0.381619 0.00708395)
(0.993973 0.376975 0.0066943)
(0.996235 0.372523 0.00643567)
(0.995889 0.368306 0.00615806)
(0.998271 0.364165 0.00603564)
(0.997389 0.360241 0.00601748)
(0.999467 0.356206 0.0059295)
(0.997829 0.352304 0.00610443)
(0.999604 0.347981 0.00609115)
(0.997209 0.343811 0.00633891)
(0.998857 0.339149 0.0062002)
(0.995987 0.334827 0.00638844)
(0.997882 0.329826 0.0062556)
(0.994796 0.325377 0.006465)
(0.997073 0.319559 0.00741263)
(0.992445 0.31402 0.00881448)
(0.994895 0.304402 0.0186537)
(0.961541 0.286512 0.0353954)
(0.999439 0.47618 -0.155763)
(0.999391 0.482958 -0.138913)
(0.99819 0.476547 -0.115403)
(1.00514 0.467218 -0.115024)
(1.01192 0.459106 -0.127858)
(1.01654 0.453362 -0.151657)
(1.01665 0.455821 -0.176309)
(1.0135 0.466781 -0.192007)
(1.00925 0.482093 -0.196111)
(1.00499 0.497101 -0.18847)
(1.00054 0.505578 -0.172231)
(0.996408 0.505394 -0.154887)
(0.99257 0.497909 -0.140384)
(0.989061 0.485997 -0.130857)
(0.98631 0.472581 -0.126532)
(0.984439 0.459949 -0.126305)
(0.983533 0.449335 -0.1285)
(0.983326 0.441163 -0.131428)
(0.983803 0.435132 -0.133857)
(0.984359 0.430602 -0.135054)
(0.985323 0.426778 -0.134811)
(0.985833 0.423076 -0.13336)
(0.986795 0.419002 -0.131061)
(0.987014 0.41444 -0.128325)
(0.988022 0.409323 -0.125504)
(0.988042 0.403803 -0.122806)
(0.989295 0.397978 -0.120374)
(0.989234 0.392059 -0.118255)
(0.990744 0.386194 -0.116444)
(0.990649 0.380484 -0.114904)
(0.992449 0.375059 -0.113533)
(0.992257 0.369956 -0.112369)
(0.994315 0.365118 -0.111189)
(0.993971 0.360574 -0.110115)
(0.996219 0.356262 -0.108982)
(0.995884 0.352174 -0.107929)
(0.998288 0.348193 -0.106796)
(0.997409 0.344466 -0.105589)
(0.999473 0.340595 -0.104406)
(0.99782 0.336929 -0.103038)
(0.999597 0.332811 -0.101749)
(0.9972 0.328936 -0.100218)
(0.998852 0.32447 -0.0989039)
(0.995976 0.320423 -0.0973666)
(0.997875 0.315607 -0.0959333)
(0.994788 0.311429 -0.0943469)
(0.997076 0.306172 -0.0916651)
(0.99245 0.301323 -0.0886219)
(0.994913 0.295188 -0.0762726)
(0.961544 0.283312 -0.0547945)
(0.999439 0.404741 -0.295288)
(0.999391 0.416396 -0.281358)
(0.998192 0.41756 -0.257012)
(1.00514 0.408803 -0.253772)
(1.01191 0.397125 -0.263471)
(1.01654 0.384317 -0.284332)
(1.01665 0.379029 -0.308541)
(1.0135 0.384595 -0.326852)
(1.00925 0.397891 -0.335482)
(1.00499 0.414532 -0.33285)
(1.00054 0.427618 -0.32003)
(0.996408 0.432799 -0.303491)
(0.992572 0.430152 -0.287381)
(0.98906 0.42177 -0.274631)
(0.986308 0.410348 -0.266372)
(0.98444 0.398409 -0.262247)
(0.983536 0.387641 -0.261067)
(0.983324 0.378954 -0.261332)
(0.983803 0.372468 -0.261764)
(0.984362 0.367788 -0.261505)
(0.985319 0.364224 -0.260086)
(0.985835 0.361155 -0.25756)
(0.986799 0.357994 -0.254119)
(0.987012 0.354498 -0.250112)
(0.988022 0.350502 -0.245845)
(0.988047 0.346082 -0.241578)
(0.989292 0.341292 -0.237461)
(0.989233 0.336319 -0.233617)
(0.990745 0.331302 -0.230081)
(0.990648 0.326355 -0.226851)
(0.992447 0.321625 -0.223877)
(0.992251 0.317131 -0.221181)
(0.994317 0.312898 -0.218576)
(0.993978 0.3089 -0.216162)
(0.996219 0.305152 -0.213737)
(0.995868 0.301591 -0.211459)
(0.998277 0.298152 -0.209143)
(0.997419 0.294966 -0.20688)
(0.999485 0.291663 -0.204535)
(0.997817 0.288603 -0.202062)
(0.999579 0.285067 -0.19956)
(0.99718 0.281835 -0.19693)
(0.998838 0.277979 -0.194314)
(0.995964 0.274607 -0.191617)
(0.997859 0.270478 -0.188762)
(0.994769 0.267021 -0.185951)
(0.997051 0.262877 -0.181761)
(0.992433 0.259228 -0.177394)
(0.994879 0.257258 -0.163818)
(0.961537 0.252661 -0.139775)
(1.00365 0.572412 0.399446)
(1.02685 0.617882 0.363287)
(1.024 0.661565 0.362259)
(1.01814 0.684216 0.391157)
(1.01095 0.683693 0.431854)
(1.00488 0.659068 0.469385)
(0.999021 0.618223 0.488812)
(0.994009 0.575829 0.485479)
(0.989491 0.541006 0.466655)
(0.987425 0.517816 0.437878)
(0.987207 0.507838 0.406992)
(0.988833 0.504738 0.381272)
(0.992166 0.505668 0.361858)
(0.996289 0.507338 0.349325)
(1.00003 0.507302 0.342727)
(1.00334 0.504568 0.340134)
(1.00565 0.498925 0.339453)
(1.00736 0.491064 0.338985)
(1.00833 0.481704 0.337469)
(1.00905 0.471945 0.33455)
(1.0096 0.462327 0.329988)
(1.01018 0.453572 0.324421)
(1.01101 0.445581 0.318087)
(1.01177 0.4386 0.311659)
(1.01302 0.432219 0.305314)
(1.01386 0.426518 0.299508)
(1.01535 0.421001 0.294023)
(1.01606 0.41586 0.289281)
(1.01761 0.410643 0.284734)
(1.01799 0.405696 0.280875)
(1.01947 0.40051 0.276881)
(1.01945 0.395697 0.273614)
(1.02089 0.390606 0.269889)
(1.02049 0.38595 0.266896)
(1.02197 0.380933 0.26337)
(1.02128 0.376549 0.260429)
(1.02291 0.371707 0.257144)
(1.02203 0.367596 0.254278)
(1.0238 0.363007 0.251176)
(1.02267 0.359209 0.248238)
(1.02448 0.354753 0.24544)
(1.02305 0.350911 0.242331)
(1.02479 0.346585 0.239861)
(1.023 0.342555 0.236353)
(1.02455 0.338502 0.234129)
(1.02231 0.334087 0.230218)
(1.02371 0.329876 0.228794)
(1.02133 0.323054 0.225279)
(1.02432 0.314632 0.229285)
(1.02278 0.287747 0.234752)
(1.00365 0.66783 0.20301)
(1.02685 0.699904 0.154568)
(1.024 0.741131 0.140101)
(1.01814 0.771601 0.16058)
(1.01095 0.783682 0.19943)
(1.00489 0.771856 0.242749)
(0.999021 0.739017 0.273863)
(0.994006 0.697671 0.283785)
(0.98949 0.658734 0.276635)
(0.987424 0.627784 0.256417)
(0.987209 0.608744 0.230136)
(0.988838 0.597847 0.206649)
(0.992165 0.592742 0.187898)
(0.996285 0.590462 0.175447)
(1.00003 0.588384 0.169184)
(1.00334 0.58498 0.167557)
(1.00565 0.579396 0.16866)
(1.00737 0.571775 0.170661)
(1.00833 0.562415 0.172099)
(1.00904 0.552229 0.172337)
(1.0096 0.541674 0.170967)
(1.01017 0.531623 0.168373)
(1.01101 0.522056 0.16482)
(1.01177 0.513427 0.160874)
(1.01302 0.505393 0.156815)
(1.01386 0.498185 0.153054)
(1.01535 0.491249 0.149538)
(1.01605 0.484895 0.146618)
(1.0176 0.478524 0.143893)
(1.01798 0.472626 0.141752)
(1.01946 0.466453 0.13956)
(1.01945 0.460866 0.13794)
(1.02089 0.454875 0.135977)
(1.02048 0.449519 0.134572)
(1.02197 0.443658 0.132751)
(1.02128 0.438584 0.131328)
(1.02291 0.432973 0.129687)
(1.02202 0.428183 0.128224)
(1.02378 0.422845 0.126695)
(1.02265 0.418328 0.125085)
(1.02446 0.413237 0.123808)
(1.02304 0.408626 0.122034)
(1.02479 0.403753 0.121023)
(1.02299 0.39883 0.118918)
(1.02456 0.394276 0.118023)
(1.02233 0.388849 0.115658)
(1.02373 0.384405 0.115581)
(1.02136 0.376832 0.114347)
(1.02435 0.370055 0.120747)
(1.0228 0.346189 0.134299)
(1.00365 0.69788 -0.0132967)
(1.02685 0.713409 -0.0692804)
(1.024 0.748151 -0.0957831)
(1.01813 0.783463 -0.0857088)
(1.01095 0.806952 -0.0525035)
(1.00489 0.809085 -0.00766225)
(0.999022 0.787468 0.032089)
(0.994005 0.751222 0.0543097)
(0.989489 0.711983 0.0595414)
(0.987422 0.676296 0.049872)
(0.987209 0.650072 0.0307432)
(0.988841 0.632434 0.0117878)
(0.992168 0.621789 -0.00445232)
(0.996285 0.615782 -0.0155958)
(1.00003 0.611871 -0.020918)
(1.00334 0.608131 -0.0214153)
(1.00565 0.603155 -0.0186513)
(1.00736 0.596521 -0.0143765)
(1.00833 0.58807 -0.0101108)
(1.00904 0.578457 -0.00674316)
(1.0096 0.567996 -0.00478531)
(1.01017 0.557642 -0.00415322)
(1.01101 0.54744 -0.00458377)
(1.01177 0.538014 -0.00566688)
(1.01302 0.529117 -0.0070378)
(1.01386 0.5211 -0.00837922)
(1.01536 0.513418 -0.00958249)
(1.01605 0.506478 -0.0103976)
(1.0176 0.499578 -0.01102)
(1.01798 0.493306 -0.0112424)
(1.01946 0.486761 -0.0114208)
(1.01945 0.480937 -0.0112374)
(1.0209 0.474639 -0.0112462)
(1.02048 0.469113 -0.0109194)
(1.02197 0.462969 -0.010847)
(1.02129 0.457704 -0.0106371)
(1.02291 0.451867 -0.0104506)
(1.02203 0.446857 -0.0103796)
(1.02379 0.441301 -0.0101827)
(1.02265 0.436487 -0.0103154)
(1.02447 0.431251 -0.00995928)
(1.02304 0.426321 -0.0102208)
(1.02479 0.421384 -0.00968588)
(1.02299 0.416054 -0.010157)
(1.02456 0.41144 -0.00960496)
(1.02233 0.405558 -0.0101792)
(1.02374 0.401305 -0.00886599)
(1.02136 0.393734 -0.00769349)
(1.02435 0.389267 0.000502757)
(1.02279 0.37077 0.0207724)
(1.00365 0.659614 -0.228303)
(1.02685 0.657087 -0.286344)
(1.024 0.681933 -0.322287)
(1.01813 0.718632 -0.323618)
(1.01095 0.751242 -0.29929)
(1.00489 0.76712 -0.257313)
(0.999025 0.758834 -0.212826)
(0.994005 0.731233 -0.180485)
(0.989485 0.695536 -0.16338)
(0.987423 0.658616 -0.161549)
(0.987208 0.627763 -0.171654)
(0.988838 0.605119 -0.184237)
(0.992171 0.589971 -0.196374)
(0.996287 0.580823 -0.205111)
(1.00003 0.57546 -0.208969)
(1.00334 0.571755 -0.208285)
(1.00565 0.567874 -0.204133)
(1.00736 0.562877 -0.198016)
(1.00834 0.55616 -0.191335)
(1.00905 0.548063 -0.185161)
(1.0096 0.538718 -0.180063)
(1.01017 0.529071 -0.176262)
(1.01101 0.519236 -0.173527)
(1.01176 0.509927 -0.17165)
(1.01302 0.501042 -0.170204)
(1.01387 0.493001 -0.168998)
(1.01536 0.485324 -0.167758)
(1.01606 0.478472 -0.166388)
(1.0176 0.471726 -0.164844)
(1.01798 0.465685 -0.16312)
(1.01946 0.459405 -0.161269)
(1.01945 0.453925 -0.159301)
(1.0209 0.447919 -0.157369)
(1.02048 0.442776 -0.155343)
(1.02196 0.436956 -0.153369)
(1.02129 0.432 -0.15155)
(1.02291 0.426515 -0.149564)
(1.02203 0.421788 -0.147951)
(1.0238 0.416575 -0.146057)
(1.02265 0.411952 -0.144686)
(1.02447 0.407069 -0.142722)
(1.02304 0.402292 -0.141445)
(1.0248 0.397757 -0.1394)
(1.02302 0.392548 -0.138206)
(1.02456 0.388345 -0.136241)
(1.02234 0.382566 -0.134982)
(1.02374 0.378937 -0.132417)
(1.02137 0.372076 -0.128964)
(1.02437 0.370361 -0.119795)
(1.02278 0.358974 -0.0947792)
(1.00365 0.55678 -0.42096)
(1.02685 0.53644 -0.47538)
(1.024 0.548964 -0.517244)
(1.01814 0.583451 -0.529848)
(1.01095 0.621991 -0.516783)
(1.00488 0.650066 -0.481774)
(0.999026 0.655925 -0.436912)
(0.994009 0.639664 -0.39762)
(0.989487 0.611006 -0.370316)
(0.987423 0.576467 -0.35716)
(0.987207 0.544001 -0.357233)
(0.988833 0.518572 -0.362222)
(0.99217 0.500406 -0.369085)
(0.996291 0.489011 -0.374552)
(1.00003 0.48272 -0.376565)
(1.00334 0.47941 -0.374766)
(1.00565 0.477007 -0.369621)
(1.00736 0.474134 -0.362275)
(1.00833 0.469808 -0.353834)
(1.00905 0.464016 -0.34546)
(1.0096 0.456707 -0.337721)
(1.01018 0.448707 -0.33112)
(1.01101 0.440206 -0.325482)
(1.01177 0.43193 -0.320826)
(1.01301 0.42392 -0.316709)
(1.01386 0.416638 -0.313076)
(1.01536 0.409723 -0.309525)
(1.01606 0.40363 -0.306103)
(1.01761 0.397695 -0.30255)
(1.01798 0.392493 -0.29904)
(1.01946 0.387091 -0.295348)
(1.01945 0.382488 -0.291777)
(1.0209 0.377371 -0.288085)
(1.02049 0.373098 -0.284577)
(1.02196 0.368185 -0.280896)
(1.02128 0.364029 -0.277636)
(1.02291 0.359416 -0.274046)
(1.02203 0.355418 -0.271046)
(1.0238 0.351048 -0.267644)
(1.02266 0.347073 -0.264917)
(1.02447 0.343046 -0.261532)
(1.02304 0.338897 -0.258844)
(1.02477 0.335213 -0.255504)
(1.02299 0.330628 -0.25276)
(1.02455 0.327232 -0.249585)
(1.02232 0.32211 -0.246577)
(1.02373 0.31944 -0.243016)
(1.02134 0.313998 -0.237605)
(1.02435 0.315195 -0.228363)
(1.02276 0.312184 -0.201129)
(0.997357 0.644581 0.607876)
(0.977947 0.535617 0.63766)
(0.978714 0.449652 0.61579)
(0.979229 0.398657 0.560289)
(0.978036 0.379412 0.49463)
(0.98162 0.382579 0.428604)
(0.986409 0.400554 0.377089)
(0.995065 0.417118 0.344212)
(1.00174 0.43141 0.329291)
(1.00821 0.432636 0.331624)
(1.01113 0.428541 0.338363)
(1.01393 0.41684 0.349586)
(1.01414 0.401149 0.358746)
(1.01431 0.384941 0.363147)
(1.01341 0.37037 0.362068)
(1.01326 0.358732 0.356533)
(1.01244 0.350206 0.347867)
(1.01266 0.344471 0.337943)
(1.01225 0.340602 0.328065)
(1.01286 0.337845 0.319375)
(1.01272 0.335317 0.312172)
(1.01332 0.332616 0.306686)
(1.01313 0.329366 0.302382)
(1.01342 0.325669 0.299157)
(1.01305 0.321429 0.296266)
(1.01298 0.31702 0.293729)
(1.01252 0.312345 0.290935)
(1.01221 0.307871 0.288175)
(1.0118 0.303289 0.284892)
(1.01132 0.299162 0.281654)
(1.01094 0.294942 0.277981)
(1.01035 0.291277 0.274406)
(1.00989 0.287452 0.270604)
(1.00916 0.284146 0.267057)
(1.00866 0.280686 0.263333)
(1.00789 0.27758 0.260005)
(1.00724 0.274392 0.256514)
(1.00666 0.27135 0.253427)
(1.00591 0.268426 0.250158)
(1.00557 0.265403 0.247419)
(1.00466 0.26271 0.244357)
(1.00475 0.259767 0.241967)
(1.00376 0.257163 0.238963)
(1.00434 0.254327 0.236797)
(1.00321 0.251571 0.233943)
(1.00431 0.249003 0.231866)
(1.00335 0.245627 0.229596)
(1.0066 0.243104 0.227774)
(1.00879 0.235744 0.229273)
(1.04839 0.227955 0.232738)
(0.997354 0.800878 0.378936)
(0.977945 0.706449 0.440941)
(0.978726 0.617938 0.446705)
(0.979231 0.552279 0.409667)
(0.978003 0.513671 0.353161)
(0.981619 0.496318 0.28941)
(0.98645 0.497494 0.234884)
(0.995089 0.503068 0.198462)
(1.00172 0.512038 0.179846)
(1.00818 0.513922 0.181685)
(1.0111 0.512131 0.189368)
(1.01394 0.504477 0.203686)
(1.01417 0.492376 0.217243)
(1.01432 0.478308 0.226414)
(1.0134 0.464122 0.229885)
(1.01325 0.451344 0.228214)
(1.01241 0.440565 0.222623)
(1.01268 0.432048 0.214975)
(1.01227 0.425303 0.206762)
(1.01288 0.420006 0.199346)
(1.01272 0.415361 0.193268)
(1.0133 0.411105 0.188871)
(1.0131 0.406686 0.185797)
(1.01341 0.402182 0.183881)
(1.01305 0.397263 0.182448)
(1.013 0.392278 0.181404)
(1.01254 0.386966 0.180178)
(1.01222 0.381848 0.178927)
(1.0118 0.376482 0.177206)
(1.0113 0.371551 0.175413)
(1.01091 0.366409 0.173208)
(1.01031 0.36182 0.170966)
(1.00989 0.357003 0.168538)
(1.00917 0.352768 0.166175)
(1.00865 0.348318 0.163711)
(1.00789 0.34433 0.161499)
(1.00725 0.340224 0.159155)
(1.00665 0.336379 0.157176)
(1.00588 0.332571 0.154966)
(1.00556 0.328865 0.153296)
(1.00465 0.325354 0.151203)
(1.00474 0.321834 0.149845)
(1.00375 0.318418 0.147793)
(1.00435 0.315063 0.146615)
(1.0032 0.311538 0.144768)
(1.00429 0.308457 0.143588)
(1.00335 0.304554 0.142483)
(1.0066 0.301598 0.141533)
(1.0088 0.295076 0.145241)
(1.0484 0.288753 0.15095)
(0.997356 0.878776 0.112904)
(0.977939 0.808128 0.201052)
(0.978727 0.725741 0.233895)
(0.979248 0.651852 0.218958)
(0.977995 0.597648 0.177135)
(0.981581 0.561438 0.121863)
(0.986451 0.545747 0.0696651)
(0.99512 0.539791 0.0333136)
(1.00175 0.542558 0.0128147)
(1.00818 0.544903 0.0139877)
(1.01108 0.545558 0.0218285)
(1.01391 0.542744 0.037801)
(1.01418 0.535427 0.054474)
(1.01434 0.524872 0.0675373)
(1.01341 0.512442 0.0752172)
(1.01325 0.499766 0.0775622)
(1.01238 0.487789 0.0755702)
(1.01266 0.477339 0.0709429)
(1.01228 0.468389 0.0652275)
(1.01289 0.461053 0.0598068)
(1.01275 0.454763 0.0554635)
(1.0133 0.449333 0.0525849)
(1.0131 0.444189 0.0510186)
(1.01337 0.439309 0.050591)
(1.01303 0.434199 0.0507556)
(1.013 0.429143 0.0513099)
(1.01256 0.423709 0.0517913)
(1.01224 0.418458 0.0521816)
(1.01182 0.412803 0.0521968)
(1.01131 0.407572 0.0520004)
(1.0109 0.40198 0.051504)
(1.0103 0.396941 0.050768)
(1.00985 0.391615 0.0499713)
(1.00916 0.386851 0.0490355)
(1.00866 0.38187 0.0480636)
(1.0079 0.377398 0.0472021)
(1.00726 0.372759 0.0462318)
(1.00667 0.368498 0.0455435)
(1.00589 0.364194 0.0446132)
(1.00555 0.36014 0.0441656)
(1.00463 0.356154 0.0432653)
(1.00472 0.352378 0.0430594)
(1.00374 0.348503 0.0421751)
(1.00433 0.34494 0.0420842)
(1.0032 0.341032 0.04141)
(1.00429 0.33772 0.041243)
(1.00334 0.333661 0.0413879)
(1.00659 0.330545 0.0413909)
(1.00879 0.325491 0.0469336)
(1.04841 0.321251 0.0543092)
(0.997358 0.870658 -0.164178)
(0.977938 0.830698 -0.0585141)
(0.97872 0.762492 -0.00182092)
(0.979261 0.687626 0.00680992)
(0.978015 0.623141 -0.0162118)
(0.981562 0.571594 -0.0576055)
(0.986418 0.54055 -0.1024)
(0.995122 0.523684 -0.135117)
(1.00177 0.519979 -0.155465)
(1.00821 0.522561 -0.155066)
(1.01108 0.525582 -0.147817)
(1.01389 0.527832 -0.131787)
(1.01416 0.526064 -0.113663)
(1.01435 0.520065 -0.0979564)
(1.01342 0.510617 -0.0868142)
(1.01327 0.499276 -0.0806603)
(1.01239 0.487252 -0.0788706)
(1.01263 0.47589 -0.0800431)
(1.01227 0.465623 -0.0827082)
(1.01288 0.456976 -0.0855898)
(1.01277 0.449656 -0.0877762)
(1.01333 0.443602 -0.0888312)
(1.0131 0.438202 -0.0887407)
(1.01338 0.433434 -0.0876388)
(1.013 0.428616 -0.0859076)
(1.01298 0.423994 -0.0838087)
(1.01254 0.418983 -0.0816696)
(1.01226 0.414119 -0.0796703)
(1.01183 0.408744 -0.0779062)
(1.01134 0.403692 -0.0764775)
(1.01092 0.398232 -0.0752343)
(1.01029 0.393175 -0.0743684)
(1.00985 0.387883 -0.0735012)
(1.00913 0.383065 -0.0729045)
(1.00864 0.378015 -0.0722928)
(1.00788 0.373507 -0.0717212)
(1.00726 0.368798 -0.071217)
(1.00667 0.364529 -0.0705526)
(1.00592 0.36015 -0.0700919)
(1.00558 0.356157 -0.0692732)
(1.00466 0.352085 -0.0689027)
(1.00474 0.348436 -0.0679411)
(1.00374 0.344471 -0.0675869)
(1.00433 0.341051 -0.0665618)
(1.0032 0.337109 -0.0659944)
(1.00429 0.333926 -0.0651269)
(1.00333 0.330104 -0.0637237)
(1.00658 0.327157 -0.0627587)
(1.00879 0.324065 -0.0559201)
(1.0484 0.322309 -0.0475937)
(0.997358 0.777312 -0.425191)
(0.977941 0.771963 -0.312352)
(0.978709 0.724603 -0.23735)
(0.979252 0.656072 -0.206013)
(0.978042 0.587661 -0.207984)
(0.981581 0.525814 -0.231406)
(0.98639 0.482422 -0.264431)
(0.995092 0.456289 -0.290332)
(1.00177 0.446505 -0.308546)
(1.00823 0.449085 -0.308963)
(1.01111 0.454203 -0.302991)
(1.0139 0.461261 -0.288425)
(1.01413 0.465164 -0.270667)
(1.01433 0.464345 -0.253877)
(1.01342 0.458802 -0.240355)
(1.01328 0.449936 -0.230999)
(1.01242 0.439035 -0.225571)
(1.01263 0.427849 -0.223188)
(1.01225 0.417266 -0.222548)
(1.01287 0.408155 -0.222618)
(1.01275 0.400528 -0.222432)
(1.01335 0.394463 -0.221566)
(1.01313 0.389345 -0.219806)
(1.0134 0.385143 -0.217295)
(1.01301 0.381081 -0.21416)
(1.01295 0.377329 -0.210747)
(1.01252 0.373228 -0.20716)
(1.01222 0.369227 -0.203752)
(1.01183 0.364679 -0.200409)
(1.01134 0.360317 -0.197487)
(1.01096 0.355503 -0.194612)
(1.01032 0.35097 -0.192229)
(1.00987 0.346174 -0.189765)
(1.00914 0.341792 -0.18772)
(1.00863 0.337172 -0.185571)
(1.00787 0.333061 -0.183635)
(1.00723 0.328741 -0.181683)
(1.00665 0.324888 -0.179754)
(1.00589 0.320879 -0.177958)
(1.00556 0.317348 -0.175945)
(1.00465 0.313585 -0.174333)
(1.00474 0.310398 -0.172292)
(1.00375 0.306738 -0.17073)
(1.00434 0.303804 -0.168704)
(1.00321 0.300242 -0.166946)
(1.0043 0.29747 -0.165143)
(1.00334 0.294273 -0.162635)
(1.00659 0.291749 -0.160801)
(1.0088 0.29093 -0.153362)
(1.0484 0.291854 -0.144951)
)
;

boundaryField
{
    inlet
    {
        type            codedFixedValue;
        value           nonuniform List<vector> 
25
(
(1 0.106541 0.0774064)
(1 0.125246 0.0406949)
(1 0.131692 -5.208e-08)
(1 0.125246 -0.040695)
(1 0.106541 -0.0774065)
(1 0.248595 0.180615)
(1 0.292241 0.0949548)
(1 0.307281 -1.2152e-07)
(1 0.292241 -0.0949551)
(1 0.248595 -0.180615)
(1 0.404855 0.294144)
(1 0.475936 0.154641)
(1 0.500429 -1.97899e-07)
(1 0.475936 -0.154641)
(1 0.404855 -0.294145)
(1 0.563145 0.409148)
(1 0.662016 0.215102)
(1 0.696085 -2.7527e-07)
(1 0.662016 -0.215102)
(1 0.563145 -0.409149)
(1 0.72211 0.524643)
(1 0.848892 0.275821)
(1 0.892578 -3.52982e-07)
(1 0.848892 -0.275822)
(1 0.72211 -0.524644)
)
;
        name            swirl;
        code            #{
            // Uncomment for testing on non-windows systems [fragile]
            // IOobject::scopeSeparator = '_';

            const vector axis(1, 0, 0);

            vectorField v(2.0*this->patch().Cf() ^ axis);
            v.replace(vector::X, 1.0);
            operator==(v);
        #};
    }
    outlet
    {
        type            inletOutlet;
        inletValue      uniform (1 0 0);
        value           nonuniform List<vector> 
25
(
(0.879664 0.0530065 0.0436117)
(0.87964 0.063918 0.0250678)
(0.87956 0.0685543 0.00413863)
(0.87958 0.0664863 -0.0171973)
(0.879623 0.0578975 -0.036901)
(0.897748 0.140224 0.126582)
(0.897736 0.172532 0.0769886)
(0.897743 0.187924 0.0199704)
(0.897757 0.184866 -0.0389845)
(0.89777 0.163851 -0.0942064)
(0.96155 0.210948 0.197018)
(0.961555 0.26149 0.122166)
(0.961541 0.286512 0.0353954)
(0.961544 0.283312 -0.0547945)
(0.961537 0.252661 -0.139775)
(1.02278 0.287747 0.234752)
(1.0228 0.346189 0.134299)
(1.02279 0.37077 0.0207724)
(1.02278 0.358974 -0.0947792)
(1.02276 0.312184 -0.201129)
(1.04839 0.227955 0.232738)
(1.0484 0.288753 0.15095)
(1.04841 0.321251 0.0543092)
(1.0484 0.322309 -0.0475937)
(1.0484 0.291854 -0.144951)
)
;
    }
    side1
    {
        type            cyclicAMI;
        value           nonuniform List<vector> 
250
(
(0.999771 0.0878459 0.0927523)
(0.998973 0.21788 0.212016)
(0.999439 0.350597 0.349211)
(1.00365 0.496686 0.478113)
(0.997358 0.534886 0.692594)
(1.00162 0.0857236 0.090833)
(1.00333 0.222251 0.212157)
(0.999391 0.338809 0.362733)
(1.02685 0.546631 0.449863)
(0.977944 0.423985 0.704811)
(1.00401 0.0801108 0.0904317)
(1.00827 0.23348 0.207879)
(0.998192 0.315242 0.367632)
(1.024 0.589405 0.455611)
(0.978712 0.343502 0.670196)
(1.00682 0.0767749 0.087913)
(1.01146 0.241324 0.212933)
(1.00514 0.310726 0.35959)
(1.01814 0.607032 0.487304)
(0.97924 0.302335 0.60818)
(1.01145 0.0765862 0.0842013)
(1.01458 0.240698 0.223345)
(1.01191 0.318379 0.346694)
(1.01095 0.600238 0.526922)
(0.978039 0.293698 0.541145)
(1.01295 0.0806214 0.0794471)
(1.01371 0.229964 0.235294)
(1.01654 0.33675 0.330982)
(1.00488 0.570421 0.559725)
(0.9816 0.306993 0.477209)
(1.01096 0.087472 0.0761338)
(1.01 0.213116 0.241465)
(1.01665 0.359559 0.322083)
(0.999024 0.527568 0.572369)
(0.9864 0.332493 0.429756)
(1.00679 0.0934739 0.076497)
(1.00533 0.198559 0.238434)
(1.0135 0.378281 0.324681)
(0.994009 0.486724 0.562572)
(0.995079 0.353725 0.400251)
(1.00236 0.0959735 0.0800741)
(1.00128 0.191252 0.228693)
(1.00925 0.388752 0.336317)
(0.989489 0.455661 0.53883)
(1.00175 0.369978 0.387898)
(0.99829 0.093974 0.0848329)
(0.998637 0.191976 0.216304)
(1.00499 0.388748 0.352959)
(0.987424 0.437488 0.507172)
(1.00822 0.3708 0.390355)
(0.993828 0.0880973 0.0881014)
(0.996582 0.19902 0.205106)
(1.00054 0.378265 0.367707)
(0.987207 0.432536 0.475496)
(1.01112 0.365766 0.396283)
(0.989173 0.0810189 0.0885314)
(0.994527 0.20849 0.198603)
(0.996407 0.362937 0.375318)
(0.988833 0.43348 0.449922)
(1.01391 0.352632 0.405423)
(0.985223 0.0751277 0.0864298)
(0.992594 0.217008 0.1975)
(0.992572 0.346814 0.375222)
(0.992168 0.437376 0.431132)
(1.01413 0.335908 0.411955)
(0.982042 0.0717457 0.0829937)
(0.990475 0.222844 0.200859)
(0.989061 0.333078 0.369013)
(0.99629 0.440945 0.419168)
(1.01432 0.319409 0.413746)
(0.979981 0.0709962 0.0793331)
(0.988475 0.225113 0.206612)
(0.986307 0.323256 0.359148)
(1.00003 0.441934 0.412723)
(1.01342 0.305362 0.410435)
(0.978285 0.072308 0.0762748)
(0.986218 0.224078 0.212606)
(0.984439 0.317384 0.348139)
(1.00334 0.439667 0.409772)
(1.01327 0.294865 0.403235)
(0.976978 0.0747821 0.0743199)
(0.983997 0.220606 0.217157)
(0.983537 0.314567 0.337822)
(1.00565 0.434273 0.40823)
(1.01243 0.287889 0.393451)
(0.97527 0.0775104 0.0735809)
(0.981406 0.21588 0.219347)
(0.983324 0.313494 0.329303)
(1.00736 0.426669 0.406559)
(1.01265 0.28383 0.382896)
(0.973663 0.0798005 0.0739621)
(0.978946 0.211041 0.219205)
(0.983802 0.312911 0.322907)
(1.00833 0.417769 0.403638)
(1.01225 0.281575 0.372666)
(0.971322 0.0811857 0.0749832)
(0.976148 0.206764 0.217125)
(0.984364 0.311937 0.318383)
(1.00905 0.408703 0.399283)
(1.01286 0.280232 0.363765)
(0.969169 0.0816156 0.0762195)
(0.973804 0.20345 0.213924)
(0.985318 0.310003 0.315124)
(1.0096 0.400024 0.393347)
(1.01273 0.278875 0.35635)
(0.966195 0.0811475 0.0771727)
(0.971072 0.200982 0.21024)
(0.985833 0.307061 0.312524)
(1.01018 0.392346 0.386564)
(1.01334 0.277091 0.350574)
(0.963678 0.0801453 0.077699)
(0.969183 0.199193 0.206694)
(0.9868 0.303218 0.309976)
(1.01101 0.385531 0.379147)
(1.01313 0.274586 0.345864)
(0.960299 0.0787638 0.0776329)
(0.966646 0.197676 0.203457)
(0.987012 0.298772 0.307185)
(1.01177 0.379713 0.371794)
(1.01341 0.271482 0.34215)
(0.957705 0.0773482 0.0771232)
(0.965262 0.196233 0.200709)
(0.988019 0.293996 0.303947)
(1.01301 0.374464 0.364617)
(1.01303 0.267795 0.338674)
(0.95408 0.0759363 0.0762191)
(0.962815 0.194598 0.198235)
(0.988048 0.289152 0.300293)
(1.01386 0.369797 0.358073)
(1.01296 0.263884 0.335529)
(0.951622 0.0747278 0.0751367)
(0.961798 0.192841 0.196071)
(0.989292 0.284396 0.296256)
(1.01536 0.365263 0.351873)
(1.01252 0.259753 0.332082)
(0.948134 0.0736737 0.0739775)
(0.959434 0.190804 0.193979)
(0.98923 0.279876 0.292)
(1.01606 0.360982 0.346456)
(1.01222 0.255812 0.328701)
(0.946038 0.0728318 0.0728715)
(0.958721 0.188743 0.192015)
(0.990744 0.275651 0.28765)
(1.01761 0.356596 0.341214)
(1.01182 0.251849 0.324785)
(0.942994 0.0720757 0.0718429)
(0.956535 0.186484 0.189978)
(0.990646 0.271732 0.283323)
(1.01798 0.352368 0.336684)
(1.01133 0.248324 0.320986)
(0.941441 0.0714455 0.0709888)
(0.956281 0.184382 0.188041)
(0.992447 0.268097 0.279168)
(1.01946 0.347929 0.331986)
(1.01095 0.244777 0.316742)
(0.938892 0.0708271 0.0700278)
(0.954353 0.182123 0.185964)
(0.992248 0.264775 0.275199)
(1.01945 0.343737 0.328051)
(1.01033 0.241753 0.312688)
(0.937841 0.0702715 0.0695561)
(0.954672 0.180197 0.184064)
(0.994313 0.261579 0.271475)
(1.02089 0.339345 0.32363)
(1.00988 0.238609 0.308389)
(0.935789 0.0697158 0.0687371)
(0.953165 0.178094 0.182001)
(0.993981 0.258607 0.267946)
(1.02049 0.335263 0.319997)
(1.00915 0.235933 0.304424)
(0.935064 0.0691768 0.0681634)
(0.953907 0.176269 0.180055)
(0.996223 0.255666 0.264657)
(1.02196 0.330915 0.315777)
(1.00864 0.233129 0.300253)
(0.933763 0.0683617 0.0675174)
(0.952277 0.17433 0.178511)
(0.995866 0.252894 0.261533)
(1.02128 0.327093 0.312229)
(1.00788 0.230608 0.296533)
(0.934029 0.0682292 0.0665671)
(0.953115 0.172812 0.176473)
(0.998264 0.250093 0.258543)
(1.02291 0.322876 0.30828)
(1.00724 0.228037 0.292627)
(0.93333 0.0677268 0.0644441)
(0.951507 0.171166 0.174685)
(0.997404 0.247403 0.255779)
(1.02203 0.319321 0.304848)
(1.00666 0.225552 0.289157)
(0.93512 0.0668231 0.0624915)
(0.952788 0.169246 0.172182)
(0.99948 0.244631 0.252911)
(1.0238 0.315326 0.301112)
(1.0059 0.223192 0.285519)
(0.935709 0.0657982 0.0609907)
(0.951754 0.167401 0.169945)
(0.997813 0.241753 0.250322)
(1.02266 0.312063 0.297655)
(1.00557 0.220674 0.282383)
(0.938271 0.0645135 0.0594982)
(0.953709 0.165156 0.166995)
(0.999571 0.238757 0.247277)
(1.02448 0.308143 0.294243)
(1.00465 0.218522 0.278971)
(0.939392 0.0634124 0.0584958)
(0.953232 0.163079 0.164553)
(0.997167 0.235681 0.244544)
(1.02305 0.304878 0.290614)
(1.00474 0.21603 0.276182)
(0.941942 0.0622353 0.0573096)
(0.955547 0.16058 0.161487)
(0.998822 0.23253 0.241196)
(1.02478 0.301044 0.287537)
(1.00376 0.213947 0.272851)
(0.943898 0.0611796 0.0563989)
(0.955261 0.158493 0.159163)
(0.995953 0.229379 0.238324)
(1.02299 0.297657 0.28349)
(1.00434 0.211516 0.270301)
(0.946258 0.0598815 0.055061)
(0.957721 0.155802 0.155916)
(0.997851 0.225954 0.234735)
(1.02455 0.294044 0.280681)
(1.00321 0.209259 0.267092)
(0.94913 0.0589481 0.0543964)
(0.957461 0.153629 0.153953)
(0.994762 0.222688 0.231784)
(1.02232 0.290332 0.276164)
(1.0043 0.207073 0.264668)
(0.949919 0.0567204 0.0530391)
(0.959811 0.149377 0.150666)
(0.997042 0.21796 0.228387)
(1.02372 0.286446 0.274117)
(1.00335 0.204131 0.261935)
(0.947274 0.0557661 0.0526145)
(0.955967 0.146282 0.14939)
(0.992423 0.213128 0.225491)
(1.02134 0.280329 0.269639)
(1.00659 0.201953 0.259761)
(0.943468 0.0493972 0.0528184)
(0.954007 0.133165 0.148248)
(0.994876 0.199555 0.225645)
(1.02433 0.271497 0.27224)
(1.00879 0.194553 0.260101)
(0.879643 0.0449537 0.0507546)
(0.897759 0.117215 0.145216)
(0.961544 0.175361 0.224839)
(1.02277 0.244438 0.273468)
(1.0484 0.186453 0.262296)
)
;
    }
    side2
    {
        type            cyclicAMI;
        value           nonuniform List<vector> 
250
(
(0.999771 0.0927524 -0.0878459)
(0.998973 0.212016 -0.21788)
(0.999439 0.349212 -0.350597)
(1.00365 0.478113 -0.496686)
(0.997358 0.692594 -0.534886)
(1.00162 0.090833 -0.0857235)
(1.00333 0.212157 -0.222251)
(0.999391 0.362733 -0.338809)
(1.02685 0.449864 -0.546631)
(0.977944 0.704812 -0.423984)
(1.00401 0.0904318 -0.0801107)
(1.00827 0.207879 -0.23348)
(0.998192 0.367632 -0.315242)
(1.024 0.455612 -0.589404)
(0.978711 0.670197 -0.343501)
(1.00682 0.087913 -0.0767749)
(1.01146 0.212933 -0.241324)
(1.00514 0.35959 -0.310726)
(1.01814 0.487305 -0.607031)
(0.97924 0.608181 -0.302335)
(1.01145 0.0842013 -0.0765861)
(1.01458 0.223345 -0.240698)
(1.01191 0.346695 -0.318379)
(1.01095 0.526923 -0.600238)
(0.978039 0.541145 -0.293698)
(1.01295 0.0794471 -0.0806213)
(1.01371 0.235294 -0.229964)
(1.01654 0.330982 -0.33675)
(1.00488 0.559726 -0.570421)
(0.9816 0.477209 -0.306992)
(1.01096 0.0761339 -0.087472)
(1.01 0.241466 -0.213116)
(1.01665 0.322084 -0.35956)
(0.999024 0.572369 -0.527567)
(0.9864 0.429756 -0.332492)
(1.00679 0.0764971 -0.0934739)
(1.00533 0.238434 -0.198559)
(1.0135 0.324681 -0.378281)
(0.994009 0.562572 -0.486724)
(0.995079 0.400251 -0.353725)
(1.00236 0.0800742 -0.0959735)
(1.00128 0.228693 -0.191252)
(1.00925 0.336317 -0.388752)
(0.989489 0.53883 -0.455661)
(1.00175 0.387898 -0.369978)
(0.99829 0.0848329 -0.0939739)
(0.998637 0.216304 -0.191976)
(1.00499 0.352959 -0.388748)
(0.987424 0.507172 -0.437488)
(1.00822 0.390355 -0.370799)
(0.993828 0.0881014 -0.0880972)
(0.996582 0.205106 -0.19902)
(1.00054 0.367707 -0.378265)
(0.987207 0.475496 -0.432535)
(1.01112 0.396283 -0.365766)
(0.989173 0.0885314 -0.0810189)
(0.994527 0.198603 -0.20849)
(0.996407 0.375319 -0.362937)
(0.988833 0.449922 -0.43348)
(1.01391 0.405423 -0.352632)
(0.985223 0.0864298 -0.0751277)
(0.992594 0.1975 -0.217008)
(0.992572 0.375223 -0.346814)
(0.992168 0.431132 -0.437376)
(1.01413 0.411955 -0.335908)
(0.982042 0.0829938 -0.0717457)
(0.990475 0.20086 -0.222844)
(0.989061 0.369013 -0.333078)
(0.99629 0.419168 -0.440944)
(1.01432 0.413746 -0.319409)
(0.979981 0.0793331 -0.0709962)
(0.988475 0.206612 -0.225113)
(0.986307 0.359148 -0.323256)
(1.00003 0.412724 -0.441933)
(1.01342 0.410436 -0.305362)
(0.978285 0.0762748 -0.072308)
(0.986218 0.212606 -0.224078)
(0.984439 0.348139 -0.317384)
(1.00334 0.409772 -0.439667)
(1.01327 0.403235 -0.294865)
(0.976978 0.07432 -0.0747821)
(0.983997 0.217157 -0.220606)
(0.983537 0.337823 -0.314567)
(1.00565 0.40823 -0.434273)
(1.01243 0.393451 -0.287889)
(0.97527 0.0735809 -0.0775104)
(0.981406 0.219347 -0.21588)
(0.983324 0.329303 -0.313494)
(1.00736 0.40656 -0.426669)
(1.01265 0.382896 -0.283829)
(0.973663 0.0739622 -0.0798005)
(0.978946 0.219205 -0.211041)
(0.983802 0.322907 -0.31291)
(1.00833 0.403638 -0.417769)
(1.01225 0.372666 -0.281575)
(0.971322 0.0749833 -0.0811856)
(0.976148 0.217125 -0.206764)
(0.984364 0.318383 -0.311937)
(1.00905 0.399283 -0.408702)
(1.01286 0.363765 -0.280232)
(0.969169 0.0762195 -0.0816156)
(0.973804 0.213924 -0.203449)
(0.985318 0.315125 -0.310003)
(1.0096 0.393348 -0.400023)
(1.01273 0.35635 -0.278874)
(0.966195 0.0771728 -0.0811474)
(0.971072 0.210241 -0.200982)
(0.985833 0.312524 -0.307061)
(1.01018 0.386564 -0.392346)
(1.01334 0.350574 -0.277091)
(0.963678 0.0776991 -0.0801452)
(0.969183 0.206694 -0.199192)
(0.9868 0.309976 -0.303218)
(1.01101 0.379147 -0.385531)
(1.01313 0.345864 -0.274586)
(0.960299 0.077633 -0.0787638)
(0.966646 0.203458 -0.197676)
(0.987012 0.307186 -0.298772)
(1.01177 0.371795 -0.379713)
(1.01341 0.34215 -0.271482)
(0.957705 0.0771232 -0.0773481)
(0.965262 0.200709 -0.196233)
(0.988019 0.303947 -0.293996)
(1.01301 0.364617 -0.374464)
(1.01303 0.338674 -0.267795)
(0.95408 0.0762191 -0.0759363)
(0.962815 0.198235 -0.194598)
(0.988048 0.300294 -0.289152)
(1.01386 0.358073 -0.369797)
(1.01296 0.335529 -0.263883)
(0.951622 0.0751367 -0.0747278)
(0.961798 0.196071 -0.192841)
(0.989292 0.296256 -0.284396)
(1.01536 0.351873 -0.365263)
(1.01252 0.332082 -0.259752)
(0.948134 0.0739776 -0.0736736)
(0.959434 0.193979 -0.190804)
(0.98923 0.292001 -0.279876)
(1.01606 0.346456 -0.360981)
(1.01222 0.328701 -0.255811)
(0.946038 0.0728716 -0.0728318)
(0.958721 0.192015 -0.188743)
(0.990744 0.28765 -0.275651)
(1.01761 0.341214 -0.356596)
(1.01182 0.324785 -0.251849)
(0.942994 0.0718429 -0.0720757)
(0.956535 0.189978 -0.186484)
(0.990646 0.283324 -0.271732)
(1.01798 0.336684 -0.352368)
(1.01133 0.320986 -0.248324)
(0.941441 0.0709889 -0.0714455)
(0.956281 0.188041 -0.184382)
(0.992447 0.279168 -0.268097)
(1.01946 0.331986 -0.347929)
(1.01095 0.316742 -0.244777)
(0.938892 0.0700279 -0.0708271)
(0.954353 0.185964 -0.182123)
(0.992248 0.2752 -0.264775)
(1.01945 0.328051 -0.343737)
(1.01033 0.312688 -0.241753)
(0.937841 0.0695562 -0.0702714)
(0.954672 0.184065 -0.180197)
(0.994314 0.271476 -0.261579)
(1.02089 0.32363 -0.339345)
(1.00988 0.308389 -0.238608)
(0.935789 0.0687371 -0.0697158)
(0.953165 0.182001 -0.178094)
(0.993981 0.267947 -0.258607)
(1.02049 0.319997 -0.335263)
(1.00915 0.304424 -0.235933)
(0.935064 0.0681634 -0.0691767)
(0.953907 0.180055 -0.176269)
(0.996223 0.264658 -0.255665)
(1.02196 0.315777 -0.330914)
(1.00864 0.300253 -0.233129)
(0.933763 0.0675174 -0.0683617)
(0.952277 0.178512 -0.17433)
(0.995866 0.261533 -0.252893)
(1.02128 0.312229 -0.327093)
(1.00788 0.296533 -0.230608)
(0.934029 0.0665671 -0.0682292)
(0.953115 0.176473 -0.172812)
(0.998264 0.258543 -0.250093)
(1.02291 0.30828 -0.322876)
(1.00724 0.292627 -0.228037)
(0.93333 0.0644441 -0.0677267)
(0.951507 0.174685 -0.171166)
(0.997404 0.255779 -0.247403)
(1.02203 0.304848 -0.319321)
(1.00666 0.289157 -0.225552)
(0.93512 0.0624915 -0.0668231)
(0.952788 0.172182 -0.169246)
(0.99948 0.252911 -0.244631)
(1.0238 0.301112 -0.315326)
(1.0059 0.285519 -0.223192)
(0.935709 0.0609907 -0.0657982)
(0.951754 0.169945 -0.167401)
(0.997813 0.250322 -0.241753)
(1.02266 0.297655 -0.312063)
(1.00557 0.282384 -0.220674)
(0.938271 0.0594983 -0.0645135)
(0.953709 0.166995 -0.165156)
(0.999571 0.247277 -0.238757)
(1.02448 0.294243 -0.308142)
(1.00465 0.278971 -0.218521)
(0.939392 0.0584958 -0.0634123)
(0.953232 0.164554 -0.163079)
(0.997167 0.244544 -0.235681)
(1.02305 0.290614 -0.304877)
(1.00474 0.276183 -0.216029)
(0.941942 0.0573096 -0.0622353)
(0.955547 0.161488 -0.16058)
(0.998822 0.241196 -0.23253)
(1.02478 0.287537 -0.301044)
(1.00376 0.272851 -0.213946)
(0.943898 0.0563989 -0.0611795)
(0.955261 0.159163 -0.158493)
(0.995953 0.238324 -0.229379)
(1.02299 0.283491 -0.297657)
(1.00434 0.270301 -0.211516)
(0.946258 0.0550611 -0.0598815)
(0.957721 0.155916 -0.155802)
(0.997851 0.234735 -0.225954)
(1.02455 0.280681 -0.294044)
(1.00321 0.267093 -0.209258)
(0.94913 0.0543964 -0.0589481)
(0.957461 0.153953 -0.153629)
(0.994762 0.231784 -0.222688)
(1.02232 0.276164 -0.290332)
(1.0043 0.264668 -0.207073)
(0.949919 0.0530392 -0.0567203)
(0.959811 0.150666 -0.149377)
(0.997042 0.228387 -0.21796)
(1.02372 0.274117 -0.286446)
(1.00335 0.261935 -0.204131)
(0.947274 0.0526145 -0.0557661)
(0.955967 0.14939 -0.146282)
(0.992423 0.225492 -0.213128)
(1.02134 0.269639 -0.280329)
(1.00659 0.259761 -0.201953)
(0.943468 0.0528184 -0.0493972)
(0.954007 0.148248 -0.133165)
(0.994876 0.225646 -0.199555)
(1.02433 0.27224 -0.271497)
(1.00879 0.260101 -0.194553)
(0.879643 0.0507546 -0.0449537)
(0.897759 0.145216 -0.117215)
(0.961544 0.224839 -0.175361)
(1.02277 0.273468 -0.244438)
(1.0484 0.262296 -0.186453)
)
;
    }
    walls
    {
        type            noSlip;
    }
}


// ************************************************************************* //
