/*--------------------------------*- C++ -*----------------------------------*\
| =========                 |                                                 |
| \\      /  F ield         | OpenFOAM: The Open Source CFD Toolbox           |
|  \\    /   O peration     | Version:  v2006                                 |
|   \\  /    A nd           | Website:  www.openfoam.com                      |
|    \\/     M anipulation  |                                                 |
\*---------------------------------------------------------------------------*/
FoamFile
{
    version     2.0;
    format      ascii;
    class       volVectorField;
    location    "200";
    object      U:Transformed;
}
// * * * * * * * * * * * * * * * * * * * * * * * * * * * * * * * * * * * * * //

dimensions      [0 1 -1 0 0 0 0];


internalField   nonuniform List<vector> 
1250
(
(0.00351267 -0.129294 0.999771)
(0.00365806 -0.126401 1.00162)
(0.00738912 -0.122095 1.00401)
(0.00797428 -0.117904 1.00682)
(0.00545184 -0.115111 1.01145)
(-0.000840723 -0.114597 1.01295)
(-0.00811712 -0.117129 1.01096)
(-0.0121539 -0.121686 1.00679)
(-0.0113825 -0.126036 1.00236)
(-0.00654419 -0.128012 0.99829)
(2.99902e-06 -0.126144 0.993828)
(0.00537852 -0.121385 0.989173)
(0.00809153 -0.115662 0.985223)
(0.00805281 -0.110781 0.982042)
(0.00596862 -0.107624 0.979981)
(0.00284007 -0.106373 0.978284)
(-0.000330834 -0.106745 0.976978)
(-0.00281309 -0.108169 0.97527)
(-0.00417997 -0.110082 0.973663)
(-0.00444107 -0.111806 0.971321)
(-0.00386316 -0.112998 0.969168)
(-0.00284611 -0.113346 0.966193)
(-0.00175157 -0.113005 0.963676)
(-0.000809959 -0.111969 0.960296)
(-0.000161049 -0.110591 0.957702)
(0.000202652 -0.108933 0.954076)
(0.000293028 -0.107291 0.951618)
(0.000216976 -0.105707 0.94813)
(2.72695e-05 -0.104312 0.946035)
(-0.000166424 -0.103033 0.94299)
(-0.000330522 -0.101973 0.941439)
(-0.000572497 -0.100838 0.938889)
(-0.000511345 -0.100102 0.937837)
(-0.000706418 -0.0991273 0.93579)
(-0.000711212 -0.0983169 0.935064)
(-0.000583702 -0.097265 0.933767)
(-0.00117434 -0.0965041 0.934028)
(-0.00235157 -0.0946247 0.933333)
(-0.00311112 -0.0925793 0.935126)
(-0.00345784 -0.0907695 0.935715)
(-0.00360617 -0.0887799 0.938278)
(-0.00353369 -0.0872732 0.939399)
(-0.00353957 -0.0855821 0.94195)
(-0.00343747 -0.0841742 0.943905)
(-0.00346588 -0.0822862 0.946267)
(-0.00327438 -0.0811429 0.949139)
(-0.00265604 -0.0785754 0.949931)
(-0.0022804 -0.0775894 0.947287)
(0.00242272 -0.0731756 0.943482)
(0.00412622 -0.0685174 0.879664)
(0.00351284 -0.129294 0.999771)
(0.00365801 -0.1264 1.00162)
(0.00738878 -0.122095 1.00401)
(0.00797445 -0.117903 1.00682)
(0.00545183 -0.115111 1.01145)
(-0.000840741 -0.114596 1.01295)
(-0.00811695 -0.117129 1.01096)
(-0.0121538 -0.121686 1.00679)
(-0.0113824 -0.126036 1.00236)
(-0.00654373 -0.128011 0.99829)
(2.67875e-06 -0.126144 0.993828)
(0.00537845 -0.121384 0.989173)
(0.00809176 -0.115662 0.985223)
(0.00805313 -0.110781 0.982041)
(0.00596874 -0.107624 0.979981)
(0.00284011 -0.106373 0.978285)
(-0.000331546 -0.106745 0.976979)
(-0.00281377 -0.108169 0.97527)
(-0.00418021 -0.110081 0.973664)
(-0.00444346 -0.111806 0.971323)
(-0.00386897 -0.112996 0.969172)
(-0.00285548 -0.113345 0.966199)
(-0.00176354 -0.113002 0.963684)
(-0.000826312 -0.111967 0.960306)
(-0.00018314 -0.110587 0.957716)
(0.000176338 -0.108931 0.954093)
(0.000261845 -0.107288 0.951637)
(0.000183309 -0.105706 0.94815)
(-3.03288e-06 -0.10431 0.946055)
(-0.000197329 -0.103032 0.94301)
(-0.000363653 -0.101973 0.941457)
(-0.000588863 -0.100833 0.938908)
(-0.000545343 -0.100109 0.937852)
(-0.000719555 -0.0991178 0.935806)
(-0.000726042 -0.0983018 0.935078)
(-0.000656311 -0.0972684 0.933773)
(-0.00134423 -0.0964888 0.934026)
(-0.00247135 -0.0946181 0.933334)
(-0.00319808 -0.0925802 0.935125)
(-0.00353918 -0.0907665 0.935719)
(-0.00367774 -0.0887787 0.938282)
(-0.00360062 -0.0872719 0.939401)
(-0.00360449 -0.0855806 0.941952)
(-0.00350264 -0.0841766 0.943907)
(-0.00353001 -0.0822876 0.946268)
(-0.00334294 -0.0811448 0.949139)
(-0.00272377 -0.0785836 0.949925)
(-0.00234441 -0.0776006 0.947276)
(0.0023695 -0.0731943 0.94347)
(0.00408915 -0.068536 0.87964)
(0.00351281 -0.129294 0.999771)
(0.00365802 -0.1264 1.00162)
(0.00738887 -0.122095 1.00401)
(0.00797429 -0.117903 1.00682)
(0.00545171 -0.115111 1.01145)
(-0.000840814 -0.114596 1.01295)
(-0.00811702 -0.117129 1.01096)
(-0.0121538 -0.121686 1.00679)
(-0.0113825 -0.126036 1.00236)
(-0.00654357 -0.128011 0.99829)
(2.75217e-06 -0.126144 0.993828)
(0.00537818 -0.121384 0.989173)
(0.00809157 -0.115662 0.985223)
(0.00805293 -0.110781 0.982041)
(0.00596868 -0.107624 0.979981)
(0.00284003 -0.106373 0.978285)
(-0.00033139 -0.106745 0.976979)
(-0.00281412 -0.108169 0.975271)
(-0.00417936 -0.110082 0.973665)
(-0.00444122 -0.111807 0.971324)
(-0.00386649 -0.113 0.969173)
(-0.00285132 -0.113349 0.9662)
(-0.00175902 -0.113009 0.963686)
(-0.000819621 -0.111975 0.960309)
(-0.000175136 -0.110597 0.957719)
(0.000186616 -0.108942 0.954096)
(0.000271678 -0.107302 0.95164)
(0.000194857 -0.105719 0.948153)
(7.15215e-06 -0.104323 0.946058)
(-0.000189067 -0.103044 0.943013)
(-0.000349895 -0.101985 0.941459)
(-0.000585778 -0.100844 0.938911)
(-0.000538673 -0.100115 0.937855)
(-0.000710778 -0.099126 0.935804)
(-0.000736837 -0.0983165 0.935079)
(-0.000645619 -0.0972643 0.933772)
(-0.00129494 -0.0964932 0.93403)
(-0.00240128 -0.0946352 0.933332)
(-0.0031395 -0.0926069 0.935114)
(-0.00348718 -0.0907969 0.935707)
(-0.00363623 -0.088808 0.938265)
(-0.00356429 -0.0872981 0.939384)
(-0.00356818 -0.0856063 0.941931)
(-0.00346425 -0.0842022 0.943884)
(-0.00349317 -0.0823142 0.946239)
(-0.00330474 -0.0811731 0.949109)
(-0.00268048 -0.0786115 0.949884)
(-0.00229857 -0.0776266 0.947229)
(0.0024225 -0.0732159 0.943418)
(0.00413866 -0.0685542 0.87956)
(0.00351275 -0.129294 0.999771)
(0.003658 -0.1264 1.00162)
(0.00738886 -0.122095 1.00401)
(0.00797399 -0.117903 1.00682)
(0.00545207 -0.115111 1.01145)
(-0.000840671 -0.114596 1.01295)
(-0.00811736 -0.117129 1.01096)
(-0.012154 -0.121686 1.00679)
(-0.0113826 -0.126036 1.00236)
(-0.00654378 -0.128012 0.99829)
(3.00177e-06 -0.126144 0.993828)
(0.00537819 -0.121384 0.989173)
(0.00809148 -0.115662 0.985223)
(0.00805279 -0.110781 0.982041)
(0.00596855 -0.107624 0.979981)
(0.00284001 -0.106373 0.978285)
(-0.000331063 -0.106745 0.976978)
(-0.00281428 -0.10817 0.975271)
(-0.00417984 -0.110082 0.973665)
(-0.00444045 -0.111806 0.971324)
(-0.0038654 -0.112999 0.969173)
(-0.00284855 -0.113347 0.9662)
(-0.00175632 -0.113006 0.963685)
(-0.000815954 -0.111971 0.960308)
(-0.000170103 -0.110593 0.957717)
(0.00019266 -0.108936 0.954094)
(0.000279541 -0.107297 0.951637)
(0.000203759 -0.105713 0.948149)
(1.52074e-05 -0.104317 0.946053)
(-0.000181672 -0.103041 0.943009)
(-0.000338689 -0.101979 0.941455)
(-0.000581956 -0.100842 0.938906)
(-0.0005318 -0.100115 0.937855)
(-0.000704693 -0.0991201 0.935798)
(-0.000738726 -0.0983232 0.935074)
(-0.00063658 -0.0972787 0.933765)
(-0.00124701 -0.096491 0.934031)
(-0.00236134 -0.0946233 0.933327)
(-0.0030982 -0.0925967 0.935111)
(-0.00343612 -0.0907943 0.935704)
(-0.00358797 -0.0888065 0.938262)
(-0.00351929 -0.0872981 0.939383)
(-0.00352356 -0.0856046 0.941931)
(-0.00341641 -0.0841989 0.943885)
(-0.00344479 -0.0823117 0.946241)
(-0.00325111 -0.0811691 0.949113)
(-0.00262179 -0.078607 0.949891)
(-0.00223859 -0.0776205 0.947236)
(0.00247944 -0.0732059 0.943426)
(0.00418979 -0.0685465 0.87958)
(0.00351271 -0.129294 0.999771)
(0.00365799 -0.1264 1.00162)
(0.00738898 -0.122095 1.00401)
(0.0079738 -0.117903 1.00682)
(0.00545189 -0.115111 1.01145)
(-0.000840534 -0.114596 1.01295)
(-0.00811725 -0.117129 1.01096)
(-0.0121541 -0.121686 1.00679)
(-0.0113827 -0.126036 1.00236)
(-0.00654426 -0.128012 0.99829)
(2.9747e-06 -0.126145 0.993828)
(0.0053783 -0.121385 0.989173)
(0.00809137 -0.115662 0.985223)
(0.00805268 -0.110781 0.982042)
(0.00596859 -0.107624 0.979981)
(0.00283975 -0.106374 0.978285)
(-0.000330796 -0.106745 0.976978)
(-0.00281335 -0.10817 0.975271)
(-0.00417946 -0.110082 0.973664)
(-0.00443941 -0.111804 0.971323)
(-0.00386303 -0.112997 0.969171)
(-0.00284477 -0.113344 0.966197)
(-0.00175073 -0.113003 0.96368)
(-0.000808745 -0.111966 0.960302)
(-0.000160578 -0.110588 0.957709)
(0.000203012 -0.108929 0.954084)
(0.000292606 -0.107291 0.951626)
(0.000218195 -0.105707 0.948137)
(2.95083e-05 -0.104313 0.946041)
(-0.000167241 -0.103036 0.942997)
(-0.000323203 -0.101972 0.941444)
(-0.00057265 -0.100844 0.938894)
(-0.000513802 -0.100109 0.937845)
(-0.000693289 -0.0991174 0.935788)
(-0.000741409 -0.0983277 0.935064)
(-0.000628315 -0.0972853 0.933759)
(-0.0012045 -0.0964982 0.934029)
(-0.00234841 -0.0946235 0.933327)
(-0.00309146 -0.0925819 0.935113)
(-0.00342683 -0.090777 0.935703)
(-0.00357646 -0.0887901 0.938265)
(-0.00350769 -0.0872841 0.939386)
(-0.00351472 -0.0855913 0.941935)
(-0.00340915 -0.084184 0.94389)
(-0.00343801 -0.0822977 0.946249)
(-0.00324444 -0.0811532 0.949121)
(-0.00261695 -0.0785891 0.949907)
(-0.00223417 -0.0776019 0.947262)
(0.00247381 -0.0731891 0.943453)
(0.00417778 -0.0685299 0.879623)
(-0.00419847 -0.307772 0.998972)
(-0.00722662 -0.311002 1.00333)
(-0.0183279 -0.315978 1.00827)
(-0.0203252 -0.325212 1.01146)
(-0.0124236 -0.332217 1.01458)
(0.00381614 -0.333089 1.01371)
(0.0202952 -0.325446 1.01)
(0.0285479 -0.312852 1.00533)
(0.0268051 -0.300646 1.00128)
(0.0174167 -0.292295 0.998636)
(0.00435762 -0.289322 0.996581)
(-0.00707688 -0.291448 0.994527)
(-0.0139659 -0.296756 0.992594)
(-0.0157399 -0.303338 0.990475)
(-0.0132458 -0.309081 0.988474)
(-0.00821223 -0.31263 0.986218)
(-0.00246881 -0.313405 0.983997)
(0.00248147 -0.31159 0.981406)
(0.00584584 -0.308024 0.978946)
(0.00741815 -0.303475 0.976148)
(0.00750068 -0.298811 0.973802)
(0.00663104 -0.294409 0.97107)
(0.00537389 -0.290591 0.969181)
(0.00414291 -0.287192 0.966642)
(0.00321145 -0.284193 0.965258)
(0.00261189 -0.281253 0.962811)
(0.00231945 -0.278445 0.961792)
(0.00227994 -0.275488 0.959427)
(0.0023498 -0.272607 0.958716)
(0.00250617 -0.269529 0.956528)
(0.00262045 -0.266637 0.956276)
(0.00275838 -0.263527 0.954347)
(0.00277216 -0.260795 0.954667)
(0.002792 -0.257811 0.953161)
(0.0027091 -0.255096 0.9539)
(0.00300648 -0.2526 0.952266)
(0.00265052 -0.250068 0.953104)
(0.00255932 -0.247625 0.951511)
(0.00213226 -0.244467 0.952785)
(0.00184408 -0.241535 0.951742)
(0.00133989 -0.237814 0.953693)
(0.00107864 -0.234579 0.953213)
(0.000673401 -0.230595 0.955533)
(0.000498809 -0.227437 0.95525)
(9.82105e-05 -0.223183 0.95772)
(0.00024891 -0.220218 0.957466)
(0.000927263 -0.214809 0.959817)
(0.00221592 -0.21167 0.955966)
(0.010769 -0.201447 0.954003)
(0.0199854 -0.187846 0.897748)
(-0.0041985 -0.307772 0.998973)
(-0.00722643 -0.311002 1.00333)
(-0.0183295 -0.315979 1.00827)
(-0.0203259 -0.325212 1.01146)
(-0.0124229 -0.332215 1.01458)
(0.00382074 -0.333087 1.01371)
(0.0202943 -0.325448 1.01)
(0.0285448 -0.312855 1.00533)
(0.0268057 -0.300648 1.00128)
(0.0174149 -0.292294 0.998636)
(0.00435597 -0.289318 0.996581)
(-0.00707522 -0.291447 0.994526)
(-0.0139632 -0.296758 0.992594)
(-0.0157401 -0.30334 0.990476)
(-0.0132469 -0.30908 0.988474)
(-0.00821327 -0.312628 0.986217)
(-0.00246824 -0.313401 0.983998)
(0.00248015 -0.311591 0.981405)
(0.0058438 -0.308021 0.978946)
(0.00741263 -0.30347 0.97615)
(0.00748897 -0.298802 0.973804)
(0.00661743 -0.294392 0.971073)
(0.00535675 -0.290569 0.969189)
(0.00412063 -0.287165 0.966648)
(0.00318356 -0.28416 0.965268)
(0.00258049 -0.281219 0.962825)
(0.00228107 -0.278406 0.961807)
(0.00224029 -0.275446 0.959443)
(0.00231252 -0.272564 0.958735)
(0.00247058 -0.269486 0.956546)
(0.00258992 -0.266599 0.956295)
(0.00272359 -0.263493 0.954367)
(0.00273519 -0.260762 0.954681)
(0.00278757 -0.25778 0.953178)
(0.00270824 -0.255094 0.953925)
(0.00297316 -0.252605 0.952293)
(0.00259051 -0.250043 0.953123)
(0.00247881 -0.247588 0.951532)
(0.00202839 -0.244422 0.95282)
(0.00171032 -0.241473 0.951771)
(0.00119872 -0.237734 0.953711)
(0.000938478 -0.234493 0.953226)
(0.000529389 -0.230513 0.955534)
(0.000349172 -0.227351 0.955257)
(-6.0991e-05 -0.223098 0.957707)
(8.39624e-05 -0.220131 0.957449)
(0.000774011 -0.214725 0.959803)
(0.00207393 -0.21161 0.955963)
(0.0106481 -0.201429 0.953996)
(0.0199053 -0.187878 0.897736)
(-0.00419861 -0.307772 0.998972)
(-0.00722647 -0.311002 1.00333)
(-0.0183276 -0.315978 1.00827)
(-0.0203272 -0.325214 1.01146)
(-0.0124254 -0.332216 1.01458)
(0.00382194 -0.333084 1.01371)
(0.0202985 -0.325445 1.01)
(0.0285456 -0.312855 1.00533)
(0.0268045 -0.300649 1.00128)
(0.017414 -0.292296 0.998637)
(0.00435446 -0.289317 0.996581)
(-0.00707616 -0.291444 0.994526)
(-0.013962 -0.296758 0.992594)
(-0.015738 -0.303341 0.990476)
(-0.0132473 -0.309082 0.988475)
(-0.00821519 -0.31263 0.986217)
(-0.00246857 -0.313399 0.983998)
(0.00248153 -0.31159 0.981407)
(0.00584396 -0.308024 0.978945)
(0.00741735 -0.303472 0.976151)
(0.00749028 -0.29881 0.973807)
(0.00661814 -0.294402 0.971074)
(0.00535834 -0.290581 0.969192)
(0.00412346 -0.28718 0.966653)
(0.00318675 -0.284178 0.96527)
(0.00258689 -0.281241 0.962828)
(0.00228682 -0.278437 0.961813)
(0.0022437 -0.275479 0.959447)
(0.00231601 -0.2726 0.958739)
(0.00247424 -0.269524 0.956552)
(0.00259265 -0.266629 0.956297)
(0.00272704 -0.26352 0.954372)
(0.00274452 -0.260787 0.954681)
(0.00278636 -0.257807 0.95318)
(0.00270151 -0.255113 0.953933)
(0.00297757 -0.252609 0.952307)
(0.00258845 -0.250025 0.953119)
(0.0024839 -0.247575 0.951529)
(0.00204012 -0.244442 0.952816)
(0.00172193 -0.241519 0.951775)
(0.00120949 -0.237788 0.953709)
(0.000954513 -0.23455 0.953233)
(0.000551429 -0.230567 0.955547)
(0.000377511 -0.227414 0.955266)
(-3.31696e-05 -0.223171 0.957711)
(0.000111229 -0.22021 0.957451)
(0.000806883 -0.214811 0.9598)
(0.00212206 -0.211689 0.955957)
(0.0107109 -0.201494 0.953997)
(0.0199705 -0.187924 0.897743)
(-0.00419857 -0.307772 0.998972)
(-0.00722676 -0.311002 1.00333)
(-0.018327 -0.315978 1.00827)
(-0.0203258 -0.325214 1.01146)
(-0.0124252 -0.332219 1.01458)
(0.00381819 -0.333085 1.01371)
(0.0202977 -0.325443 1.01)
(0.0285472 -0.312854 1.00533)
(0.0268053 -0.30065 1.00128)
(0.017415 -0.292298 0.998637)
(0.00435568 -0.289321 0.996582)
(-0.00707878 -0.291444 0.994526)
(-0.0139633 -0.296755 0.992593)
(-0.0157374 -0.303341 0.990476)
(-0.0132454 -0.309083 0.988476)
(-0.00821397 -0.312633 0.986217)
(-0.00246959 -0.3134 0.983997)
(0.00248178 -0.311588 0.981407)
(0.00584251 -0.308025 0.978946)
(0.00741909 -0.303474 0.976149)
(0.00749573 -0.298811 0.973808)
(0.00662416 -0.294405 0.971074)
(0.00536356 -0.290582 0.969191)
(0.00413034 -0.28718 0.966655)
(0.00319262 -0.284177 0.965271)
(0.00259623 -0.281234 0.962826)
(0.00230197 -0.278427 0.961816)
(0.00225913 -0.275467 0.959448)
(0.00232915 -0.272586 0.958739)
(0.00248387 -0.26951 0.956554)
(0.00260787 -0.266614 0.956301)
(0.00273371 -0.263513 0.95437)
(0.00274308 -0.260775 0.954686)
(0.00279106 -0.257782 0.953179)
(0.00272228 -0.255095 0.953934)
(0.0029824 -0.252614 0.952306)
(0.00258527 -0.250048 0.953122)
(0.00248986 -0.24758 0.951514)
(0.00206406 -0.244434 0.952812)
(0.00175366 -0.241516 0.95178)
(0.00123581 -0.237781 0.953708)
(0.000975867 -0.234536 0.953218)
(0.000575207 -0.230549 0.955524)
(0.000406327 -0.227393 0.955236)
(3.85319e-06 -0.223147 0.9577)
(0.000154688 -0.220187 0.957447)
(0.000852303 -0.214784 0.959806)
(0.00217101 -0.21165 0.955962)
(0.0107761 -0.201436 0.954008)
(0.0200502 -0.187865 0.897757)
(-0.00419851 -0.307771 0.998973)
(-0.00722678 -0.311002 1.00333)
(-0.0183281 -0.315978 1.00827)
(-0.0203258 -0.325212 1.01146)
(-0.0124244 -0.332219 1.01458)
(0.00381684 -0.333087 1.01371)
(0.0202977 -0.325443 1.01)
(0.0285462 -0.312852 1.00533)
(0.0268051 -0.300648 1.00128)
(0.017416 -0.292297 0.998637)
(0.00435691 -0.289322 0.996582)
(-0.00707945 -0.291446 0.994527)
(-0.0139657 -0.296755 0.992593)
(-0.0157381 -0.303338 0.990475)
(-0.0132448 -0.309081 0.988476)
(-0.00821374 -0.312632 0.986218)
(-0.00246984 -0.313403 0.983997)
(0.0024836 -0.311586 0.981407)
(0.0058445 -0.308021 0.978946)
(0.00741817 -0.303466 0.976149)
(0.00749912 -0.298802 0.973806)
(0.00662817 -0.294396 0.971074)
(0.00536973 -0.290573 0.969186)
(0.00413917 -0.287167 0.96665)
(0.00320228 -0.284163 0.965266)
(0.00260122 -0.28122 0.962819)
(0.0023112 -0.278413 0.961805)
(0.00227101 -0.275458 0.95944)
(0.0023409 -0.272577 0.958726)
(0.00250047 -0.269504 0.956542)
(0.00262199 -0.266614 0.956286)
(0.00274367 -0.263512 0.954358)
(0.00276915 -0.26077 0.954677)
(0.00280565 -0.25779 0.953169)
(0.00271051 -0.255105 0.953914)
(0.00297951 -0.252609 0.952288)
(0.00259474 -0.250043 0.953126)
(0.00248957 -0.247568 0.951503)
(0.00208261 -0.244396 0.952791)
(0.0018069 -0.241486 0.951767)
(0.00130101 -0.237767 0.953726)
(0.0010402 -0.234532 0.95325)
(0.000633421 -0.230548 0.955561)
(0.000466861 -0.227391 0.955271)
(7.02985e-05 -0.223144 0.957722)
(0.000219896 -0.220187 0.957456)
(0.000918733 -0.214804 0.959805)
(0.00223092 -0.211687 0.955968)
(0.0108195 -0.201499 0.954012)
(0.0200946 -0.187931 0.89777)
(-0.000991703 -0.501008 0.999439)
(0.0171276 -0.502248 0.999391)
(0.0375073 -0.488888 0.998191)
(0.0349843 -0.479894 1.00514)
(0.0202705 -0.476135 1.01191)
(-0.00412446 -0.47804 1.01654)
(-0.02683 -0.488009 1.01665)
(-0.0383756 -0.503269 1.0135)
(-0.037542 -0.519092 1.00925)
(-0.0256201 -0.530998 1.00499)
(-0.00755534 -0.534054 1.00054)
(0.00886574 -0.528535 0.996407)
(0.0203362 -0.516925 0.992573)
(0.0257246 -0.502641 0.989062)
(0.0256954 -0.488547 0.986307)
(0.022019 -0.476458 0.984438)
(0.0166555 -0.467058 0.983538)
(0.0113167 -0.460197 0.983325)
(0.00715391 -0.455197 0.9838)
(0.00461319 -0.451263 0.984366)
(0.00366324 -0.447547 0.985318)
(0.0039124 -0.443577 0.985831)
(0.00484187 -0.439005 0.986801)
(0.00602561 -0.433828 0.987012)
(0.00712634 -0.428093 0.988016)
(0.00797639 -0.422012 0.988048)
(0.00848966 -0.415717 0.989291)
(0.0086814 -0.409432 0.989227)
(0.00858927 -0.403291 0.990743)
(0.00829991 -0.397385 0.990645)
(0.00792773 -0.391806 0.992446)
(0.00746405 -0.386587 0.992245)
(0.00708896 -0.381633 0.99431)
(0.00668723 -0.37698 0.993983)
(0.00643009 -0.372518 0.996226)
(0.00617524 -0.368295 0.995863)
(0.00605077 -0.364144 0.998252)
(0.00598805 -0.360247 0.997389)
(0.00590038 -0.356229 0.999475)
(0.00611664 -0.352327 0.997808)
(0.00610242 -0.348003 0.999562)
(0.00636349 -0.34384 0.997154)
(0.0062331 -0.339189 0.998806)
(0.00643273 -0.334878 0.995942)
(0.00631563 -0.329854 0.997843)
(0.00652301 -0.325406 0.994756)
(0.0074744 -0.319588 0.997034)
(0.00885582 -0.314044 0.992412)
(0.0186751 -0.304405 0.994874)
(0.0353988 -0.286464 0.96155)
(-0.000991809 -0.501008 0.99944)
(0.0171297 -0.502247 0.99939)
(0.0375074 -0.488881 0.998193)
(0.0349818 -0.479901 1.00514)
(0.0202618 -0.476145 1.01191)
(-0.0041212 -0.478026 1.01654)
(-0.0268181 -0.488003 1.01665)
(-0.0383766 -0.503275 1.0135)
(-0.0375466 -0.519099 1.00925)
(-0.0256277 -0.530997 1.00498)
(-0.00755561 -0.534048 1.00054)
(0.00887526 -0.528533 0.996407)
(0.0203401 -0.51693 0.992571)
(0.0257207 -0.502646 0.989063)
(0.0256914 -0.488548 0.986308)
(0.0220114 -0.476458 0.984436)
(0.0166608 -0.467047 0.983538)
(0.0113276 -0.460198 0.983328)
(0.00715092 -0.455199 0.983798)
(0.00461443 -0.451261 0.984364)
(0.00365613 -0.447544 0.985321)
(0.0039013 -0.443566 0.985827)
(0.00483781 -0.438985 0.986801)
(0.00602413 -0.433809 0.987015)
(0.0071236 -0.428069 0.988015)
(0.00797272 -0.421992 0.988046)
(0.00847852 -0.415697 0.989296)
(0.00866889 -0.40941 0.989227)
(0.00857275 -0.40327 0.990745)
(0.00828415 -0.397359 0.990648)
(0.00791617 -0.391781 0.992451)
(0.00745331 -0.386563 0.99225)
(0.0070839 -0.381607 0.994308)
(0.00668758 -0.376962 0.99398)
(0.00642215 -0.372503 0.99624)
(0.00615766 -0.368294 0.995874)
(0.006041 -0.364145 0.998254)
(0.00600754 -0.360232 0.997383)
(0.00591178 -0.356201 0.999476)
(0.0060951 -0.352298 0.997833)
(0.00606662 -0.347963 0.999596)
(0.00629757 -0.343802 0.99719)
(0.00615952 -0.339137 0.99884)
(0.00633803 -0.334817 0.995972)
(0.00623864 -0.329788 0.997871)
(0.00645204 -0.325323 0.994784)
(0.00739768 -0.319495 0.997062)
(0.00879014 -0.313943 0.99244)
(0.0186307 -0.304327 0.994901)
(0.035382 -0.286443 0.961555)
(-0.000991908 -0.501008 0.99944)
(0.0171272 -0.502249 0.99939)
(0.0375105 -0.48888 0.998193)
(0.0349846 -0.479893 1.00514)
(0.0202624 -0.476152 1.01191)
(-0.00413426 -0.478032 1.01654)
(-0.0268145 -0.487996 1.01665)
(-0.0383671 -0.503272 1.0135)
(-0.0375434 -0.519101 1.00925)
(-0.0256352 -0.531004 1.00498)
(-0.0075665 -0.534048 1.00054)
(0.00887861 -0.528525 0.996408)
(0.0203485 -0.516926 0.99257)
(0.0257241 -0.502649 0.989063)
(0.0256917 -0.48855 0.98631)
(0.0220037 -0.476463 0.984436)
(0.0166518 -0.467044 0.983534)
(0.0113342 -0.46019 0.98333)
(0.00715603 -0.455202 0.9838)
(0.0046173 -0.451261 0.984361)
(0.00366129 -0.44755 0.985325)
(0.00389593 -0.443575 0.985829)
(0.00483201 -0.43899 0.986798)
(0.00602202 -0.433813 0.987018)
(0.00712575 -0.428076 0.98802)
(0.00798032 -0.421997 0.988044)
(0.00848399 -0.415711 0.989299)
(0.00867094 -0.409426 0.989231)
(0.00857446 -0.403291 0.990745)
(0.00827688 -0.397382 0.990649)
(0.00791105 -0.391802 0.992451)
(0.00744585 -0.386582 0.992255)
(0.0070841 -0.381619 0.994308)
(0.00669445 -0.376975 0.993973)
(0.00643582 -0.372523 0.996235)
(0.0061582 -0.368306 0.995889)
(0.00603578 -0.364165 0.998271)
(0.00601762 -0.360241 0.997389)
(0.00592964 -0.356206 0.999467)
(0.00610457 -0.352304 0.997829)
(0.00609128 -0.347981 0.999604)
(0.00633904 -0.343811 0.997209)
(0.00620033 -0.339149 0.998857)
(0.00638858 -0.334827 0.995987)
(0.00625573 -0.329826 0.997882)
(0.00646513 -0.325377 0.994796)
(0.00741276 -0.319559 0.997073)
(0.0088146 -0.31402 0.992445)
(0.0186539 -0.304402 0.994895)
(0.0353955 -0.286512 0.961541)
(-0.000991931 -0.501008 0.999439)
(0.017128 -0.502247 0.999391)
(0.0375062 -0.488884 0.99819)
(0.0349843 -0.479895 1.00514)
(0.0202713 -0.476147 1.01192)
(-0.00413713 -0.478038 1.01654)
(-0.0268235 -0.487995 1.01665)
(-0.0383664 -0.503268 1.0135)
(-0.037537 -0.5191 1.00925)
(-0.0256324 -0.531012 1.00499)
(-0.00756872 -0.534056 1.00054)
(0.00886952 -0.528521 0.996408)
(0.0203493 -0.51692 0.99257)
(0.0257287 -0.502648 0.989061)
(0.0256969 -0.488551 0.98631)
(0.0220088 -0.476468 0.984439)
(0.0166415 -0.467052 0.983533)
(0.0113311 -0.460184 0.983326)
(0.00715811 -0.455199 0.983803)
(0.00461915 -0.45126 0.984359)
(0.00366853 -0.447549 0.985323)
(0.00390452 -0.44358 0.985833)
(0.00483272 -0.438995 0.986795)
(0.00602481 -0.433811 0.987014)
(0.00712693 -0.428072 0.988022)
(0.00798612 -0.421988 0.988042)
(0.0084998 -0.415697 0.989295)
(0.00868601 -0.409413 0.989234)
(0.00859626 -0.403276 0.990744)
(0.00829558 -0.397369 0.990649)
(0.00792393 -0.391786 0.992449)
(0.00745366 -0.386573 0.992257)
(0.007081 -0.381607 0.994315)
(0.00669747 -0.376954 0.993971)
(0.00644312 -0.372503 0.996219)
(0.00618103 -0.368289 0.995884)
(0.00602832 -0.364153 0.998288)
(0.0060249 -0.360236 0.997409)
(0.00595332 -0.356188 0.999473)
(0.00612217 -0.352279 0.99782)
(0.00607498 -0.347964 0.999597)
(0.00633356 -0.343806 0.9972)
(0.00620351 -0.339152 0.998852)
(0.00641502 -0.334828 0.995976)
(0.00629011 -0.329805 0.997875)
(0.00650786 -0.325342 0.994788)
(0.00743379 -0.319513 0.997076)
(0.00882952 -0.313961 0.99245)
(0.0186785 -0.30431 0.994913)
(0.0354356 -0.286378 0.961544)
(-0.000991987 -0.501008 0.999439)
(0.0171281 -0.502249 0.999391)
(0.0375086 -0.48888 0.998192)
(0.0349822 -0.479892 1.00514)
(0.0202718 -0.476145 1.01191)
(-0.00413397 -0.478045 1.01654)
(-0.0268274 -0.487997 1.01665)
(-0.0383698 -0.503263 1.0135)
(-0.0375364 -0.519092 1.00925)
(-0.025625 -0.531008 1.00499)
(-0.00756272 -0.534059 1.00054)
(0.00886347 -0.52853 0.996408)
(0.0203413 -0.516918 0.992572)
(0.025729 -0.502643 0.98906)
(0.025697 -0.488548 0.986308)
(0.0220168 -0.476465 0.98444)
(0.0166422 -0.467059 0.983536)
(0.0113217 -0.460188 0.983324)
(0.00715992 -0.455193 0.983803)
(0.0046181 -0.451256 0.984362)
(0.00367188 -0.447538 0.985319)
(0.00391106 -0.44357 0.985835)
(0.0048376 -0.438991 0.986799)
(0.00602397 -0.433808 0.987012)
(0.00712686 -0.428066 0.988022)
(0.00798121 -0.421982 0.988047)
(0.00849689 -0.415687 0.989292)
(0.00868367 -0.409405 0.989233)
(0.0085951 -0.403268 0.990745)
(0.00830057 -0.397367 0.990648)
(0.00792612 -0.391791 0.992447)
(0.00746538 -0.386571 0.992251)
(0.00708483 -0.381616 0.994317)
(0.00668861 -0.376962 0.993978)
(0.00644739 -0.372504 0.996219)
(0.00619653 -0.368285 0.995868)
(0.00604916 -0.364142 0.998277)
(0.00600738 -0.360233 0.997419)
(0.00596322 -0.356183 0.999485)
(0.00616518 -0.352254 0.997817)
(0.00611083 -0.347922 0.999579)
(0.00633899 -0.343762 0.99718)
(0.00618848 -0.339105 0.998838)
(0.00638839 -0.334791 0.995964)
(0.00627138 -0.329772 0.997859)
(0.00651365 -0.325324 0.994769)
(0.00746775 -0.319509 0.997051)
(0.00885591 -0.313989 0.992433)
(0.0186811 -0.304416 0.994879)
(0.0354301 -0.286564 0.961537)
(-0.0132966 -0.697879 1.00365)
(-0.0692759 -0.713412 1.02685)
(-0.095784 -0.748148 1.024)
(-0.0857188 -0.783459 1.01814)
(-0.0524873 -0.806957 1.01095)
(-0.0076497 -0.809095 1.00488)
(0.0320757 -0.78747 0.999021)
(0.0542978 -0.751213 0.994009)
(0.0595367 -0.711976 0.989491)
(0.0498864 -0.676301 0.987425)
(0.0307638 -0.650073 0.987207)
(0.0117783 -0.632448 0.988833)
(-0.0044747 -0.621788 0.992166)
(-0.0155952 -0.615773 0.996289)
(-0.0209128 -0.611866 1.00003)
(-0.0214032 -0.608129 1.00334)
(-0.0186373 -0.603164 1.00565)
(-0.0143947 -0.596529 1.00736)
(-0.01012 -0.588066 1.00833)
(-0.00674553 -0.578455 1.00905)
(-0.00478255 -0.567993 1.0096)
(-0.00414108 -0.557637 1.01018)
(-0.00456755 -0.547449 1.01101)
(-0.00566469 -0.538024 1.01177)
(-0.00704736 -0.529132 1.01302)
(-0.00839338 -0.521107 1.01386)
(-0.00958807 -0.513419 1.01535)
(-0.0104024 -0.506473 1.01606)
(-0.0110152 -0.499579 1.01761)
(-0.0112294 -0.49331 1.01799)
(-0.0114124 -0.486766 1.01947)
(-0.011226 -0.480952 1.01945)
(-0.0112468 -0.474644 1.02089)
(-0.0109315 -0.469118 1.02049)
(-0.0108357 -0.462986 1.02197)
(-0.0106385 -0.457711 1.02128)
(-0.0104494 -0.451863 1.02291)
(-0.0103521 -0.446852 1.02203)
(-0.0101645 -0.441317 1.0238)
(-0.0103088 -0.436517 1.02267)
(-0.00995346 -0.431268 1.02448)
(-0.0102104 -0.426331 1.02305)
(-0.00966577 -0.42138 1.02479)
(-0.0101352 -0.416058 1.023)
(-0.00955164 -0.411472 1.02455)
(-0.0101213 -0.405601 1.02231)
(-0.00879809 -0.401357 1.02371)
(-0.00763107 -0.393772 1.02133)
(0.000560025 -0.389313 1.02432)
(0.0207852 -0.370776 1.02278)
(-0.013297 -0.697878 1.00365)
(-0.0692792 -0.713412 1.02685)
(-0.0957776 -0.748152 1.024)
(-0.0857168 -0.783458 1.01814)
(-0.0525015 -0.806953 1.01095)
(-0.00764793 -0.809092 1.00489)
(0.032091 -0.787475 0.999021)
(0.0543035 -0.751219 0.994006)
(0.0595359 -0.711978 0.98949)
(0.0498714 -0.676295 0.987424)
(0.0307607 -0.650066 0.987209)
(0.01179 -0.632444 0.988838)
(-0.0044651 -0.621795 0.992165)
(-0.0156027 -0.615779 0.996285)
(-0.0209169 -0.611867 1.00003)
(-0.0214121 -0.608127 1.00334)
(-0.0186382 -0.603157 1.00565)
(-0.01438 -0.596528 1.00737)
(-0.0101194 -0.588071 1.00833)
(-0.00674543 -0.578456 1.00904)
(-0.00478693 -0.567995 1.0096)
(-0.00414776 -0.557634 1.01017)
(-0.00457071 -0.547437 1.01101)
(-0.00565676 -0.538011 1.01177)
(-0.00703487 -0.529116 1.01302)
(-0.00838422 -0.521099 1.01386)
(-0.00958494 -0.513415 1.01535)
(-0.010399 -0.50647 1.01605)
(-0.0110211 -0.499569 1.0176)
(-0.0112346 -0.493298 1.01798)
(-0.0114124 -0.486749 1.01946)
(-0.0112265 -0.480935 1.01945)
(-0.0112422 -0.474631 1.02089)
(-0.0109234 -0.469103 1.02048)
(-0.0108443 -0.462966 1.02197)
(-0.0106298 -0.457701 1.02128)
(-0.0104557 -0.451858 1.02291)
(-0.0103676 -0.446849 1.02202)
(-0.0101723 -0.441301 1.02378)
(-0.0103071 -0.436507 1.02265)
(-0.00994853 -0.431271 1.02446)
(-0.0102105 -0.426337 1.02304)
(-0.00966695 -0.42139 1.02479)
(-0.0101478 -0.416058 1.02299)
(-0.00959132 -0.41145 1.02456)
(-0.0101638 -0.405558 1.02233)
(-0.00886392 -0.401308 1.02373)
(-0.00769693 -0.393723 1.02136)
(0.000484311 -0.389256 1.02435)
(0.0207478 -0.370746 1.0228)
(-0.0132964 -0.69788 1.00365)
(-0.0692801 -0.713409 1.02685)
(-0.0957828 -0.748151 1.024)
(-0.0857084 -0.783463 1.01813)
(-0.0525032 -0.806952 1.01095)
(-0.00766193 -0.809085 1.00489)
(0.0320893 -0.787468 0.999022)
(0.05431 -0.751222 0.994005)
(0.0595416 -0.711983 0.989489)
(0.0498722 -0.676296 0.987422)
(0.0307434 -0.650072 0.987209)
(0.011788 -0.632434 0.988841)
(-0.00445208 -0.621789 0.992168)
(-0.0155955 -0.615782 0.996285)
(-0.0209178 -0.611871 1.00003)
(-0.0214151 -0.608131 1.00334)
(-0.018651 -0.603155 1.00565)
(-0.0143762 -0.596521 1.00736)
(-0.0101106 -0.58807 1.00833)
(-0.00674293 -0.578457 1.00904)
(-0.00478508 -0.567996 1.0096)
(-0.00415299 -0.557642 1.01017)
(-0.00458356 -0.54744 1.01101)
(-0.00566666 -0.538014 1.01177)
(-0.00703759 -0.529117 1.01302)
(-0.00837901 -0.5211 1.01386)
(-0.00958229 -0.513418 1.01536)
(-0.0103974 -0.506478 1.01605)
(-0.0110198 -0.499578 1.0176)
(-0.0112422 -0.493306 1.01798)
(-0.0114206 -0.486761 1.01946)
(-0.0112372 -0.480937 1.01945)
(-0.011246 -0.474639 1.0209)
(-0.0109192 -0.469113 1.02048)
(-0.0108468 -0.462969 1.02197)
(-0.0106369 -0.457704 1.02129)
(-0.0104504 -0.451867 1.02291)
(-0.0103794 -0.446857 1.02203)
(-0.0101825 -0.441301 1.02379)
(-0.0103152 -0.436487 1.02265)
(-0.00995911 -0.431251 1.02447)
(-0.0102206 -0.426321 1.02304)
(-0.00968571 -0.421384 1.02479)
(-0.0101568 -0.416054 1.02299)
(-0.0096048 -0.41144 1.02456)
(-0.010179 -0.405558 1.02233)
(-0.00886583 -0.401305 1.02374)
(-0.00769334 -0.393734 1.02136)
(0.000502911 -0.389267 1.02435)
(0.0207725 -0.37077 1.02279)
(-0.0132968 -0.697879 1.00365)
(-0.0692783 -0.713412 1.02685)
(-0.0957839 -0.748149 1.024)
(-0.0857094 -0.783463 1.01813)
(-0.0524951 -0.80696 1.01095)
(-0.00766566 -0.809088 1.00489)
(0.0320836 -0.787461 0.999025)
(0.0543118 -0.751217 0.994005)
(0.0595488 -0.711982 0.989485)
(0.0498816 -0.676302 0.987423)
(0.0307372 -0.650082 0.987208)
(0.0117725 -0.632435 0.988838)
(-0.00445109 -0.621779 0.992171)
(-0.0155874 -0.615778 0.996287)
(-0.0209139 -0.61187 1.00003)
(-0.0214089 -0.608135 1.00334)
(-0.018659 -0.603161 1.00565)
(-0.0143858 -0.596518 1.00736)
(-0.0101072 -0.588065 1.00834)
(-0.00673726 -0.578457 1.00905)
(-0.00477697 -0.567994 1.0096)
(-0.00414308 -0.557644 1.01017)
(-0.0045809 -0.547445 1.01101)
(-0.00567228 -0.538012 1.01176)
(-0.00704323 -0.529115 1.01302)
(-0.00838133 -0.521095 1.01387)
(-0.00957382 -0.51341 1.01536)
(-0.0103883 -0.506471 1.01606)
(-0.0110049 -0.499577 1.0176)
(-0.0112311 -0.4933 1.01798)
(-0.0114122 -0.486756 1.01946)
(-0.0112333 -0.480935 1.01945)
(-0.0112521 -0.474626 1.0209)
(-0.0109145 -0.469109 1.02048)
(-0.0108357 -0.462963 1.02196)
(-0.0106376 -0.457688 1.02129)
(-0.0104428 -0.451858 1.02291)
(-0.0103697 -0.446863 1.02203)
(-0.0101796 -0.441321 1.0238)
(-0.0103041 -0.4365 1.02265)
(-0.00994514 -0.431249 1.02447)
(-0.0102067 -0.426311 1.02304)
(-0.00966341 -0.421366 1.0248)
(-0.0101371 -0.416044 1.02302)
(-0.00956756 -0.411439 1.02456)
(-0.0101558 -0.405553 1.02234)
(-0.0088377 -0.401309 1.02374)
(-0.00767367 -0.393718 1.02137)
(0.000515922 -0.389253 1.02437)
(0.0207887 -0.370693 1.02278)
(-0.0132967 -0.697879 1.00365)
(-0.0692791 -0.71341 1.02685)
(-0.0957865 -0.74815 1.024)
(-0.0857117 -0.783459 1.01814)
(-0.052489 -0.806959 1.01095)
(-0.00766454 -0.809094 1.00488)
(0.0320741 -0.787465 0.999026)
(0.0543043 -0.751214 0.994009)
(0.0595485 -0.71198 0.989487)
(0.0498903 -0.676305 0.987423)
(0.0307481 -0.650082 0.987207)
(0.0117658 -0.632442 0.988833)
(-0.00446466 -0.62178 0.99217)
(-0.0155853 -0.615774 0.996291)
(-0.0209115 -0.611868 1.00003)
(-0.021402 -0.608133 1.00334)
(-0.0186522 -0.603165 1.00565)
(-0.0143977 -0.596522 1.00736)
(-0.0101117 -0.588061 1.00833)
(-0.00674096 -0.578453 1.00905)
(-0.0047761 -0.567991 1.0096)
(-0.00413876 -0.557639 1.01018)
(-0.00457324 -0.547448 1.01101)
(-0.00567164 -0.538015 1.01177)
(-0.00704858 -0.529115 1.01301)
(-0.00838971 -0.521089 1.01386)
(-0.00958169 -0.513407 1.01536)
(-0.0103949 -0.506466 1.01606)
(-0.0110089 -0.499576 1.01761)
(-0.0112264 -0.493305 1.01798)
(-0.0114148 -0.486765 1.01946)
(-0.0112316 -0.480941 1.01945)
(-0.0112522 -0.474632 1.0209)
(-0.010926 -0.469113 1.02049)
(-0.0108364 -0.462975 1.02196)
(-0.0106418 -0.457696 1.02128)
(-0.0104481 -0.451854 1.02291)
(-0.0103716 -0.446856 1.02203)
(-0.0101877 -0.441321 1.0238)
(-0.0103186 -0.436502 1.02266)
(-0.00994644 -0.431254 1.02447)
(-0.0102106 -0.426318 1.02304)
(-0.00967352 -0.421375 1.02477)
(-0.0101484 -0.416052 1.02299)
(-0.00957678 -0.411439 1.02455)
(-0.0101538 -0.405527 1.02232)
(-0.00884242 -0.401274 1.02373)
(-0.00766268 -0.393691 1.02134)
(0.000517641 -0.389227 1.02435)
(0.0207799 -0.370783 1.02276)
(0.112907 -0.878778 0.997357)
(0.20105 -0.80813 0.977947)
(0.233886 -0.725728 0.978714)
(0.218959 -0.65185 0.979229)
(0.177152 -0.597687 0.978036)
(0.121874 -0.56144 0.98162)
(0.0696319 -0.545702 0.986409)
(0.0332981 -0.539778 0.995065)
(0.0128258 -0.542571 1.00174)
(0.0139932 -0.544934 1.00821)
(0.0218516 -0.545581 1.01113)
(0.0378091 -0.542712 1.01393)
(0.0544421 -0.535402 1.01414)
(0.0675302 -0.524876 1.01431)
(0.075222 -0.512454 1.01341)
(0.0775844 -0.499785 1.01326)
(0.0755842 -0.487794 1.01244)
(0.0709268 -0.477321 1.01266)
(0.0652097 -0.468385 1.01225)
(0.0597998 -0.461047 1.01286)
(0.0554582 -0.454767 1.01272)
(0.0526074 -0.449357 1.01332)
(0.0510364 -0.444198 1.01313)
(0.0505997 -0.439312 1.01342)
(0.0507534 -0.434183 1.01305)
(0.0512925 -0.429125 1.01298)
(0.0517799 -0.4237 1.01252)
(0.0521768 -0.418458 1.01221)
(0.0522142 -0.412821 1.0118)
(0.0520205 -0.407579 1.01132)
(0.0515291 -0.402006 1.01094)
(0.0507914 -0.39694 1.01035)
(0.0499638 -0.39161 1.00989)
(0.0490369 -0.386851 1.00916)
(0.0480576 -0.381863 1.00866)
(0.0471909 -0.377394 1.00789)
(0.0462407 -0.372762 1.00724)
(0.0455309 -0.368487 1.00666)
(0.0446059 -0.3642 1.00591)
(0.0441663 -0.360145 1.00557)
(0.0432726 -0.356166 1.00466)
(0.0430678 -0.352381 1.00475)
(0.0421689 -0.348508 1.00376)
(0.0420834 -0.344941 1.00434)
(0.0413944 -0.341033 1.00321)
(0.0412233 -0.337735 1.00431)
(0.0413713 -0.33367 1.00335)
(0.0413799 -0.330557 1.0066)
(0.0469188 -0.325484 1.00879)
(0.0543007 -0.32122 1.04839)
(0.112906 -0.878778 0.997354)
(0.201056 -0.808131 0.977945)
(0.233889 -0.725733 0.978726)
(0.218953 -0.651842 0.979231)
(0.177143 -0.597663 0.978003)
(0.121875 -0.561459 0.981619)
(0.0696538 -0.545728 0.98645)
(0.033292 -0.539774 0.995089)
(0.0128156 -0.542553 1.00172)
(0.0139819 -0.544912 1.00818)
(0.021843 -0.545584 1.0111)
(0.0378252 -0.542729 1.01394)
(0.0544581 -0.535409 1.01417)
(0.0675278 -0.524864 1.01432)
(0.0752122 -0.512445 1.0134)
(0.0775717 -0.499776 1.01325)
(0.0755853 -0.487796 1.01241)
(0.0709431 -0.477333 1.01268)
(0.0652171 -0.46838 1.01227)
(0.0598004 -0.461051 1.01288)
(0.0554552 -0.454754 1.01272)
(0.0525887 -0.449348 1.0133)
(0.0510309 -0.444195 1.0131)
(0.0506005 -0.439321 1.01341)
(0.0507578 -0.434199 1.01305)
(0.0513052 -0.429135 1.013)
(0.0517807 -0.423705 1.01254)
(0.0521728 -0.41845 1.01222)
(0.0521935 -0.412815 1.0118)
(0.0520118 -0.407572 1.0113)
(0.0515039 -0.402 1.01091)
(0.05079 -0.396943 1.01031)
(0.0499699 -0.391611 1.00989)
(0.049031 -0.386853 1.00917)
(0.0480626 -0.38186 1.00865)
(0.0471906 -0.377383 1.00789)
(0.0462302 -0.372754 1.00725)
(0.0455367 -0.368486 1.00665)
(0.0446111 -0.364181 1.00588)
(0.0441688 -0.36014 1.00556)
(0.0432631 -0.356155 1.00465)
(0.0430592 -0.352387 1.00474)
(0.0421628 -0.348504 1.00375)
(0.0420796 -0.344949 1.00435)
(0.0414122 -0.341026 1.0032)
(0.0412421 -0.337731 1.00429)
(0.0413971 -0.333678 1.00335)
(0.0414066 -0.330573 1.0066)
(0.0469494 -0.325516 1.0088)
(0.0543328 -0.321267 1.0484)
(0.112904 -0.878776 0.997356)
(0.201053 -0.808128 0.977939)
(0.233895 -0.725741 0.978727)
(0.218959 -0.651852 0.979248)
(0.177135 -0.597648 0.977995)
(0.121863 -0.561438 0.981581)
(0.0696653 -0.545747 0.986451)
(0.0333138 -0.539791 0.99512)
(0.0128149 -0.542558 1.00175)
(0.0139879 -0.544903 1.00818)
(0.0218287 -0.545558 1.01108)
(0.0378012 -0.542744 1.01391)
(0.0544743 -0.535426 1.01418)
(0.0675375 -0.524872 1.01434)
(0.0752174 -0.512442 1.01341)
(0.0775624 -0.499766 1.01325)
(0.0755704 -0.487789 1.01238)
(0.0709431 -0.477339 1.01266)
(0.0652276 -0.468389 1.01228)
(0.059807 -0.461053 1.01289)
(0.0554637 -0.454763 1.01275)
(0.052585 -0.449333 1.0133)
(0.0510187 -0.444189 1.0131)
(0.0505912 -0.439309 1.01337)
(0.0507557 -0.434199 1.01303)
(0.0513101 -0.429143 1.013)
(0.0517915 -0.423709 1.01256)
(0.0521818 -0.418458 1.01224)
(0.0521969 -0.412803 1.01182)
(0.0520005 -0.407572 1.01131)
(0.0515042 -0.40198 1.0109)
(0.0507681 -0.396941 1.0103)
(0.0499715 -0.391615 1.00985)
(0.0490356 -0.386851 1.00916)
(0.0480637 -0.38187 1.00866)
(0.0472022 -0.377398 1.0079)
(0.0462319 -0.372759 1.00726)
(0.0455436 -0.368498 1.00667)
(0.0446134 -0.364194 1.00589)
(0.0441657 -0.36014 1.00555)
(0.0432655 -0.356154 1.00463)
(0.0430596 -0.352378 1.00472)
(0.0421752 -0.348503 1.00374)
(0.0420843 -0.34494 1.00433)
(0.0414101 -0.341032 1.0032)
(0.0412431 -0.33772 1.00429)
(0.041388 -0.333661 1.00334)
(0.041391 -0.330545 1.00659)
(0.0469337 -0.325491 1.00879)
(0.0543093 -0.321251 1.04841)
(0.112906 -0.878778 0.997358)
(0.20105 -0.808123 0.977938)
(0.233891 -0.725735 0.97872)
(0.218965 -0.651867 0.979261)
(0.177143 -0.597652 0.978015)
(0.121846 -0.561419 0.981562)
(0.0696511 -0.545737 0.986418)
(0.0333236 -0.539806 0.995122)
(0.0128264 -0.542571 1.00177)
(0.014004 -0.544903 1.00821)
(0.0218316 -0.545536 1.01108)
(0.0377718 -0.542722 1.01389)
(0.0544628 -0.535441 1.01416)
(0.0675469 -0.524881 1.01435)
(0.0752243 -0.512453 1.01342)
(0.0775725 -0.499765 1.01327)
(0.0755588 -0.487776 1.01239)
(0.0709328 -0.477333 1.01263)
(0.0652253 -0.468392 1.01227)
(0.0598126 -0.461058 1.01288)
(0.0554713 -0.454772 1.01277)
(0.0525972 -0.449341 1.01333)
(0.0510146 -0.444177 1.0131)
(0.0505891 -0.439302 1.01338)
(0.0507468 -0.434185 1.013)
(0.0513146 -0.429141 1.01298)
(0.0518005 -0.423714 1.01254)
(0.052199 -0.41847 1.01226)
(0.0522158 -0.412813 1.01183)
(0.0520134 -0.407567 1.01134)
(0.0515084 -0.40199 1.01092)
(0.0507692 -0.396912 1.01029)
(0.0499588 -0.391612 1.00985)
(0.0490375 -0.386846 1.00913)
(0.0480587 -0.381853 1.00864)
(0.0472091 -0.377389 1.00788)
(0.0462334 -0.372755 1.00726)
(0.0455463 -0.36849 1.00667)
(0.0446312 -0.364183 1.00592)
(0.0441759 -0.360132 1.00558)
(0.0432701 -0.356145 1.00466)
(0.043057 -0.352378 1.00474)
(0.0421685 -0.348497 1.00374)
(0.0420865 -0.344927 1.00433)
(0.041408 -0.341003 1.0032)
(0.0412494 -0.337708 1.00429)
(0.0414029 -0.333639 1.00333)
(0.0414101 -0.330538 1.00658)
(0.0469584 -0.325484 1.00879)
(0.0543346 -0.321241 1.0484)
(0.112905 -0.878779 0.997358)
(0.201051 -0.808128 0.977941)
(0.233891 -0.725727 0.978709)
(0.218962 -0.651865 0.979252)
(0.177156 -0.597677 0.978042)
(0.121854 -0.561409 0.981581)
(0.0696318 -0.545716 0.98639)
(0.0333164 -0.539798 0.995092)
(0.0128304 -0.542589 1.00177)
(0.0140092 -0.544921 1.00823)
(0.0218488 -0.545551 1.01111)
(0.0377816 -0.542699 1.0139)
(0.0544427 -0.53542 1.01413)
(0.0675441 -0.524888 1.01433)
(0.0752264 -0.512456 1.01342)
(0.077584 -0.499783 1.01328)
(0.0755669 -0.487774 1.01242)
(0.0709206 -0.477324 1.01263)
(0.0652177 -0.468386 1.01225)
(0.0598061 -0.461056 1.01287)
(0.0554733 -0.454776 1.01275)
(0.0526087 -0.44936 1.01335)
(0.0510247 -0.444186 1.01313)
(0.0505862 -0.43931 1.0134)
(0.0507343 -0.434181 1.01301)
(0.0512905 -0.429139 1.01295)
(0.0517822 -0.423713 1.01252)
(0.0521873 -0.418474 1.01222)
(0.0522187 -0.412828 1.01183)
(0.052019 -0.407582 1.01134)
(0.0515151 -0.401998 1.01096)
(0.0507779 -0.39693 1.01032)
(0.0499525 -0.391602 1.00987)
(0.0490316 -0.386855 1.00914)
(0.0480547 -0.381854 1.00863)
(0.0472042 -0.37739 1.00787)
(0.0462445 -0.372748 1.00723)
(0.0455405 -0.368496 1.00665)
(0.0446372 -0.364198 1.00589)
(0.0441899 -0.360158 1.00556)
(0.0432822 -0.356166 1.00465)
(0.0430608 -0.352388 1.00474)
(0.0421726 -0.348509 1.00375)
(0.0420874 -0.344944 1.00434)
(0.0414155 -0.341029 1.00321)
(0.041245 -0.337726 1.0043)
(0.0413953 -0.333667 1.00334)
(0.0413951 -0.330547 1.00659)
(0.0469316 -0.325511 1.0088)
(0.0542799 -0.321315 1.0484)
)
;

boundaryField
{
    inlet
    {
        type            calculated;
        value           nonuniform List<vector> 
25
(
(1.11559e-19 -0.131692 1)
(7.48595e-20 -0.131692 1)
(8.28611e-25 -0.131692 1)
(5.07705e-18 -0.131692 1)
(2.42598e-18 -0.131692 1)
(-9.84007e-18 -0.307281 1)
(-1.06542e-17 -0.307281 1)
(8.80741e-24 -0.307281 1)
(1.20048e-18 -0.307281 1)
(8.20892e-19 -0.307281 1)
(-1.26077e-17 -0.500429 1)
(5.4967e-18 -0.500429 1)
(-2.16191e-23 -0.500429 1)
(-1.73696e-17 -0.500429 1)
(-3.09787e-17 -0.500429 1)
(3.60621e-18 -0.696085 1)
(-4.15483e-18 -0.696085 1)
(2.15598e-23 -0.696085 1)
(-4.68589e-18 -0.696085 1)
(3.66165e-18 -0.696085 1)
(-1.20963e-17 -0.892577 1)
(-5.93747e-18 -0.892577 1)
(4.66345e-23 -0.892578 1)
(3.30528e-17 -0.892578 1)
(2.33761e-17 -0.892578 1)
)
;
    }
    outlet
    {
        type            calculated;
        value           nonuniform List<vector> 
25
(
(0.00412622 -0.0685174 0.879664)
(0.00408915 -0.068536 0.87964)
(0.00413866 -0.0685542 0.87956)
(0.00418979 -0.0685465 0.87958)
(0.00417778 -0.0685299 0.879623)
(0.0199854 -0.187846 0.897748)
(0.0199053 -0.187878 0.897736)
(0.0199705 -0.187924 0.897743)
(0.0200502 -0.187865 0.897757)
(0.0200946 -0.187931 0.89777)
(0.0353988 -0.286464 0.96155)
(0.035382 -0.286443 0.961555)
(0.0353955 -0.286512 0.961541)
(0.0354356 -0.286378 0.961544)
(0.0354301 -0.286564 0.961537)
(0.0207852 -0.370776 1.02278)
(0.0207478 -0.370746 1.0228)
(0.0207725 -0.37077 1.02279)
(0.0207887 -0.370693 1.02278)
(0.0207799 -0.370783 1.02276)
(0.0543007 -0.32122 1.04839)
(0.0543328 -0.321267 1.0484)
(0.0543093 -0.321251 1.04841)
(0.0543346 -0.321241 1.0484)
(0.0542799 -0.321315 1.0484)
)
;
    }
    side1
    {
        type            cyclicAMI;
        value           nonuniform List<vector> 
250
(
(0.00346944 -0.127702 0.999771)
(-0.00414682 -0.303982 0.998973)
(-0.000979658 -0.494839 0.999439)
(-0.013133 -0.689287 1.00365)
(0.111516 -0.867959 0.997358)
(0.00361297 -0.124844 1.00162)
(-0.00713778 -0.307173 1.00333)
(0.0169171 -0.496065 0.999391)
(-0.0684247 -0.704628 1.02685)
(0.198575 -0.798179 0.977944)
(0.00729809 -0.120592 1.00401)
(-0.0181024 -0.312088 1.00827)
(0.0370456 -0.482865 0.998192)
(-0.0946058 -0.738938 1.024)
(0.231009 -0.716793 0.978712)
(0.00787585 -0.116452 1.00682)
(-0.0200752 -0.321208 1.01146)
(0.0345524 -0.473985 1.00514)
(-0.0846599 -0.773812 1.01814)
(0.216265 -0.643832 0.97924)
(0.00538475 -0.113694 1.01145)
(-0.0122709 -0.328128 1.01458)
(0.0200223 -0.470278 1.01191)
(-0.0518417 -0.797023 1.01095)
(0.174972 -0.590323 0.978039)
(-0.000830308 -0.113185 1.01295)
(0.00376932 -0.328987 1.01371)
(-0.00407795 -0.472158 1.01654)
(-0.00756296 -0.799134 1.00488)
(0.120361 -0.554514 0.9816)
(-0.00801725 -0.115687 1.01096)
(0.0200463 -0.321437 1.01)
(-0.0264993 -0.481994 1.01665)
(0.0316796 -0.777772 0.999024)
(0.0687757 -0.538991 0.9864)
(-0.0120044 -0.120188 1.00679)
(0.0281956 -0.309001 1.00533)
(-0.0379007 -0.497069 1.0135)
(0.0536324 -0.741964 0.994009)
(0.0328989 -0.533141 0.995079)
(-0.0112425 -0.124484 1.00236)
(0.0264752 -0.296945 1.00128)
(-0.037077 -0.512701 1.00925)
(0.0588097 -0.703211 0.989489)
(0.0126717 -0.535899 1.00175)
(-0.00646366 -0.126436 0.99829)
(0.0172021 -0.288698 0.998637)
(-0.0253064 -0.524466 1.00499)
(0.0492744 -0.667976 0.987424)
(0.0138279 -0.538217 1.00822)
(2.98364e-06 -0.124591 0.993828)
(0.00430361 -0.28576 0.996582)
(-0.00746556 -0.527482 1.00054)
(0.030378 -0.642075 0.987207)
(0.0215788 -0.53885 1.01112)
(0.00531219 -0.11989 0.989173)
(-0.00699119 -0.287859 0.994527)
(0.008755 -0.522025 0.996407)
(0.0116267 -0.62466 0.988833)
(0.037329 -0.536026 1.01391)
(0.00799182 -0.114238 0.985223)
(-0.0137939 -0.293101 0.992594)
(0.0200878 -0.510557 0.992572)
(-0.00441528 -0.614128 0.992168)
(0.0537735 -0.528819 1.01413)
(0.00795363 -0.109417 0.982042)
(-0.0155452 -0.299603 0.990475)
(0.0254102 -0.496453 0.989061)
(-0.0153983 -0.608191 0.99629)
(0.0667065 -0.518419 1.01432)
(0.00589511 -0.106299 0.979981)
(-0.0130823 -0.305275 0.988475)
(0.0253799 -0.482533 0.986307)
(-0.0206545 -0.604334 1.00003)
(0.0742982 -0.506145 1.01342)
(0.00280497 -0.105064 0.978285)
(-0.00811172 -0.308783 0.986218)
(0.0217473 -0.470596 0.984439)
(-0.0211388 -0.600644 1.00334)
(0.0766288 -0.493631 1.01327)
(-0.000326746 -0.105431 0.976978)
(-0.0024391 -0.309545 0.983997)
(0.0164439 -0.461309 0.983537)
(-0.0184151 -0.59574 1.00565)
(0.0746435 -0.48178 1.01243)
(-0.00277853 -0.106838 0.97527)
(0.00245162 -0.307752 0.981406)
(0.0111791 -0.454526 0.983324)
(-0.0142195 -0.589182 1.00736)
(0.0700507 -0.471446 1.01265)
(-0.00412829 -0.108727 0.973663)
(0.00577296 -0.30423 0.978946)
(0.0070685 -0.449591 0.983802)
(-0.00999176 -0.580823 1.00833)
(0.0644109 -0.462618 1.01225)
(-0.00438573 -0.110428 0.971322)
(0.00732612 -0.299734 0.976148)
(0.00455819 -0.445703 0.984364)
(-0.00666039 -0.571332 1.00905)
(0.0590674 -0.455375 1.01286)
(-0.00381561 -0.111606 0.969169)
(0.00740685 -0.295128 0.973804)
(0.0036217 -0.442032 0.985318)
(-0.00472064 -0.560998 1.0096)
(0.0547836 -0.449172 1.01273)
(-0.00281052 -0.111949 0.966195)
(0.006547 -0.290778 0.971072)
(0.00386298 -0.438113 0.985833)
(-0.00408882 -0.550773 1.01018)
(0.0519605 -0.443826 1.01334)
(-0.0017297 -0.111613 0.963678)
(0.00530424 -0.287005 0.969183)
(0.00477899 -0.433593 0.9868)
(-0.00451426 -0.540709 1.01101)
(0.0504013 -0.438724 1.01313)
(-0.000799616 -0.110589 0.960299)
(0.00408811 -0.283644 0.966646)
(0.00594899 -0.428477 0.987012)
(-0.00559905 -0.531396 1.01177)
(0.0499698 -0.433903 1.01341)
(-0.000159027 -0.109228 0.957705)
(0.00316504 -0.28068 0.965262)
(0.00703672 -0.422809 0.988019)
(-0.0069625 -0.522609 1.01301)
(0.0501189 -0.428838 1.01303)
(0.000200001 -0.10759 0.95408)
(0.00257186 -0.277775 0.962815)
(0.00787818 -0.416801 0.988048)
(-0.00828966 -0.514682 1.01386)
(0.0506611 -0.423849 1.01296)
(0.000289173 -0.10597 0.951622)
(0.0022843 -0.275002 0.961798)
(0.00838635 -0.410583 0.989292)
(-0.00946782 -0.507092 1.01536)
(0.0511445 -0.41849 1.01252)
(0.000214901 -0.104405 0.948134)
(0.00224507 -0.272082 0.959434)
(0.00857347 -0.404378 0.98923)
(-0.0102711 -0.500234 1.01606)
(0.0515408 -0.413313 1.01222)
(2.81137e-05 -0.103028 0.946038)
(0.00231414 -0.269237 0.958721)
(0.00848456 -0.398314 0.990744)
(-0.0108767 -0.493427 1.01761)
(0.0515741 -0.407742 1.01182)
(-0.000164575 -0.101766 0.942994)
(0.00247059 -0.266199 0.956535)
(0.0081966 -0.392483 0.990646)
(-0.01109 -0.487233 1.01798)
(0.0513795 -0.402563 1.01133)
(-0.000322872 -0.100716 0.941441)
(0.00258713 -0.263343 0.956281)
(0.00782816 -0.386975 0.992447)
(-0.0112732 -0.480772 1.01946)
(0.0508871 -0.397054 1.01095)
(-0.000565123 -0.0995995 0.938892)
(0.00271597 -0.260276 0.954353)
(0.00737156 -0.381819 0.992248)
(-0.0110913 -0.475026 1.01945)
(0.0501586 -0.392049 1.01033)
(-0.000505765 -0.0988731 0.937841)
(0.00273456 -0.257572 0.954672)
(0.0069983 -0.376926 0.994313)
(-0.0111119 -0.468794 1.02089)
(0.0493424 -0.386786 1.00988)
(-0.000692012 -0.097901 0.935789)
(0.00276275 -0.254625 0.953165)
(0.00660417 -0.37233 0.993981)
(-0.0107946 -0.463339 1.02049)
(0.0484308 -0.38209 1.00915)
(-0.000716525 -0.0971141 0.935064)
(0.00267709 -0.25196 0.953907)
(0.00635837 -0.367924 0.996223)
(-0.0107035 -0.45728 1.02196)
(0.0474638 -0.377158 1.00864)
(-0.000596965 -0.0960811 0.933763)
(0.00295685 -0.249497 0.952277)
(0.00610888 -0.363754 0.995866)
(-0.0105103 -0.452069 1.02128)
(0.0466161 -0.372745 1.00788)
(-0.00117523 -0.0953154 0.934029)
(0.00258838 -0.246982 0.953115)
(0.00597527 -0.35966 0.998264)
(-0.0103208 -0.446295 1.02291)
(0.0456721 -0.368166 1.00724)
(-0.00232116 -0.0934589 0.93333)
(0.00248884 -0.244554 0.951507)
(0.00592281 -0.355803 0.997404)
(-0.010234 -0.441354 1.02203)
(0.0449757 -0.363954 1.00666)
(-0.0030629 -0.0914392 0.93512)
(0.00207599 -0.241426 0.952788)
(0.0058552 -0.351815 0.99948)
(-0.0100505 -0.435887 1.0238)
(0.0440719 -0.359713 1.0059)
(-0.00339937 -0.0896533 0.935709)
(0.00179913 -0.23854 0.951754)
(0.00605956 -0.347949 0.997813)
(-0.0101878 -0.431136 1.02266)
(0.0436352 -0.355716 1.00557)
(-0.0035463 -0.0876896 0.938271)
(0.00130051 -0.234866 0.953709)
(0.00602508 -0.343678 0.999571)
(-0.00982849 -0.425951 1.02448)
(0.0427445 -0.351781 1.00465)
(-0.00347649 -0.0862021 0.939392)
(0.00104272 -0.231671 0.953232)
(0.00626689 -0.33957 0.997167)
(-0.0100858 -0.421076 1.02305)
(0.0425347 -0.348046 1.00474)
(-0.003483 -0.084531 0.941942)
(0.000641732 -0.227736 0.955547)
(0.00612771 -0.334975 0.998822)
(-0.009551 -0.41619 1.02478)
(0.0416515 -0.344218 1.00376)
(-0.0033804 -0.0831405 0.943898)
(0.000473342 -0.224617 0.955261)
(0.00632483 -0.330716 0.995953)
(-0.0100174 -0.410934 1.02299)
(0.0415674 -0.340696 1.00434)
(-0.00340855 -0.0812767 0.946258)
(8.01585e-05 -0.220418 0.957721)
(0.00620962 -0.325756 0.997851)
(-0.00944902 -0.406391 1.02455)
(0.0408948 -0.336831 1.00321)
(-0.00321848 -0.0801467 0.94913)
(0.000229124 -0.217493 0.957461)
(0.00643163 -0.32136 0.994762)
(-0.0100185 -0.400573 1.02232)
(0.0407258 -0.333571 1.0043)
(-0.00260297 -0.0776117 0.949919)
(0.000911285 -0.212162 0.959811)
(0.00737286 -0.315615 0.997042)
(-0.00871815 -0.396378 1.02372)
(0.0408735 -0.329558 1.00335)
(-0.00222851 -0.0766367 0.947274)
(0.00219737 -0.209072 0.955967)
(0.00874253 -0.310151 0.992423)
(-0.00755907 -0.388886 1.02134)
(0.040877 -0.326481 1.00659)
(0.00241917 -0.0722774 0.943468)
(0.0106654 -0.198989 0.954007)
(0.018449 -0.300662 0.994876)
(0.000525495 -0.384481 1.02433)
(0.0463496 -0.321489 1.00879)
(0.00410186 -0.067676 0.879643)
(0.0197999 -0.185567 0.897759)
(0.0349863 -0.282984 0.961544)
(0.0205273 -0.366215 1.02277)
(0.0536293 -0.317314 1.0484)
)
;
    }
    side2
    {
        type            cyclicAMI;
        value           nonuniform List<vector> 
250
(
(0.00346944 -0.127702 0.999771)
(-0.00414682 -0.303982 0.998973)
(-0.000979666 -0.49484 0.999439)
(-0.0131329 -0.689287 1.00365)
(0.111516 -0.86796 0.997358)
(0.00361297 -0.124844 1.00162)
(-0.00713776 -0.307173 1.00333)
(0.016917 -0.496065 0.999391)
(-0.0684244 -0.704628 1.02685)
(0.198575 -0.798179 0.977944)
(0.00729809 -0.120592 1.00401)
(-0.0181024 -0.312088 1.00827)
(0.0370455 -0.482865 0.998192)
(-0.0946055 -0.738938 1.024)
(0.231009 -0.716793 0.978711)
(0.00787585 -0.116452 1.00682)
(-0.0200752 -0.321208 1.01146)
(0.0345523 -0.473985 1.00514)
(-0.0846596 -0.773813 1.01814)
(0.216266 -0.643832 0.97924)
(0.00538475 -0.113694 1.01145)
(-0.0122709 -0.328128 1.01458)
(0.0200223 -0.470278 1.01191)
(-0.0518414 -0.797023 1.01095)
(0.174972 -0.590323 0.978039)
(-0.000830308 -0.113185 1.01295)
(0.00376932 -0.328987 1.01371)
(-0.00407798 -0.472158 1.01654)
(-0.00756272 -0.799134 1.00488)
(0.120361 -0.554514 0.9816)
(-0.00801725 -0.115687 1.01096)
(0.0200463 -0.321438 1.01)
(-0.0264993 -0.481995 1.01665)
(0.0316798 -0.777772 0.999024)
(0.0687757 -0.538991 0.9864)
(-0.0120044 -0.120188 1.00679)
(0.0281956 -0.309001 1.00533)
(-0.0379007 -0.49707 1.0135)
(0.0536326 -0.741964 0.994009)
(0.0328988 -0.533141 0.995079)
(-0.0112425 -0.124484 1.00236)
(0.0264751 -0.296946 1.00128)
(-0.0370769 -0.512701 1.00925)
(0.0588098 -0.703211 0.989489)
(0.0126716 -0.535899 1.00175)
(-0.00646366 -0.126436 0.99829)
(0.0172021 -0.288698 0.998637)
(-0.0253063 -0.524466 1.00499)
(0.0492744 -0.667976 0.987424)
(0.0138278 -0.538217 1.00822)
(2.98364e-06 -0.124591 0.993828)
(0.00430359 -0.28576 0.996582)
(-0.00746551 -0.527482 1.00054)
(0.030378 -0.642075 0.987207)
(0.0215788 -0.53885 1.01112)
(0.00531219 -0.11989 0.989173)
(-0.00699118 -0.287859 0.994527)
(0.00875503 -0.522026 0.996407)
(0.0116267 -0.62466 0.988833)
(0.037329 -0.536026 1.01391)
(0.00799182 -0.114238 0.985223)
(-0.0137939 -0.293102 0.992594)
(0.0200878 -0.510557 0.992572)
(-0.0044152 -0.614128 0.992168)
(0.0537735 -0.528819 1.01413)
(0.00795363 -0.109417 0.982042)
(-0.0155452 -0.299603 0.990475)
(0.0254102 -0.496453 0.989061)
(-0.0153982 -0.608191 0.99629)
(0.0667065 -0.518419 1.01432)
(0.00589511 -0.106299 0.979981)
(-0.0130822 -0.305276 0.988475)
(0.0253799 -0.482533 0.986307)
(-0.0206544 -0.604334 1.00003)
(0.0742982 -0.506145 1.01342)
(0.00280497 -0.105064 0.978285)
(-0.0081117 -0.308783 0.986218)
(0.0217473 -0.470596 0.984439)
(-0.0211387 -0.600644 1.00334)
(0.0766289 -0.493631 1.01327)
(-0.000326746 -0.105431 0.976978)
(-0.00243909 -0.309546 0.983997)
(0.0164439 -0.461309 0.983537)
(-0.018415 -0.59574 1.00565)
(0.0746435 -0.48178 1.01243)
(-0.00277853 -0.106838 0.97527)
(0.00245162 -0.307752 0.981406)
(0.011179 -0.454526 0.983324)
(-0.0142194 -0.589182 1.00736)
(0.0700508 -0.471446 1.01265)
(-0.00412829 -0.108727 0.973663)
(0.00577296 -0.30423 0.978946)
(0.00706849 -0.449591 0.983802)
(-0.00999164 -0.580823 1.00833)
(0.0644109 -0.462618 1.01225)
(-0.00438573 -0.110428 0.971322)
(0.00732612 -0.299735 0.976148)
(0.00455819 -0.445703 0.984364)
(-0.00666029 -0.571332 1.00905)
(0.0590674 -0.455375 1.01286)
(-0.00381561 -0.111606 0.969169)
(0.00740685 -0.295128 0.973804)
(0.0036217 -0.442032 0.985318)
(-0.00472054 -0.560998 1.0096)
(0.0547836 -0.449172 1.01273)
(-0.00281052 -0.111949 0.966195)
(0.006547 -0.290778 0.971072)
(0.00386298 -0.438113 0.985833)
(-0.00408873 -0.550773 1.01018)
(0.0519605 -0.443826 1.01334)
(-0.0017297 -0.111613 0.963678)
(0.00530424 -0.287005 0.969183)
(0.00477899 -0.433594 0.9868)
(-0.00451417 -0.540709 1.01101)
(0.0504013 -0.438724 1.01313)
(-0.000799616 -0.110589 0.960299)
(0.00408811 -0.283644 0.966646)
(0.00594899 -0.428477 0.987012)
(-0.00559896 -0.531396 1.01177)
(0.0499698 -0.433903 1.01341)
(-0.000159027 -0.109228 0.957705)
(0.00316504 -0.28068 0.965262)
(0.00703671 -0.422809 0.988019)
(-0.00696241 -0.522609 1.01301)
(0.050119 -0.428838 1.01303)
(0.000200001 -0.10759 0.95408)
(0.00257187 -0.277775 0.962815)
(0.00787817 -0.416801 0.988048)
(-0.00828957 -0.514682 1.01386)
(0.0506611 -0.423849 1.01296)
(0.000289173 -0.10597 0.951622)
(0.00228431 -0.275002 0.961798)
(0.00838635 -0.410584 0.989292)
(-0.00946773 -0.507092 1.01536)
(0.0511446 -0.41849 1.01252)
(0.000214901 -0.104405 0.948134)
(0.00224508 -0.272082 0.959434)
(0.00857346 -0.404378 0.98923)
(-0.010271 -0.500234 1.01606)
(0.0515408 -0.413313 1.01222)
(2.81137e-05 -0.103028 0.946038)
(0.00231414 -0.269237 0.958721)
(0.00848455 -0.398314 0.990744)
(-0.0108766 -0.493427 1.01761)
(0.0515741 -0.407742 1.01182)
(-0.000164575 -0.101766 0.942994)
(0.00247059 -0.266199 0.956535)
(0.00819659 -0.392484 0.990646)
(-0.0110899 -0.487233 1.01798)
(0.0513795 -0.402563 1.01133)
(-0.000322872 -0.100716 0.941441)
(0.00258713 -0.263343 0.956281)
(0.00782815 -0.386975 0.992447)
(-0.0112731 -0.480772 1.01946)
(0.0508872 -0.397053 1.01095)
(-0.000565123 -0.0995995 0.938892)
(0.00271598 -0.260277 0.954353)
(0.00737155 -0.38182 0.992248)
(-0.0110913 -0.475026 1.01945)
(0.0501587 -0.392049 1.01033)
(-0.000505765 -0.0988731 0.937841)
(0.00273456 -0.257572 0.954672)
(0.00699829 -0.376926 0.994314)
(-0.0111118 -0.468794 1.02089)
(0.0493424 -0.386786 1.00988)
(-0.000692012 -0.097901 0.935789)
(0.00276275 -0.254625 0.953165)
(0.00660416 -0.37233 0.993981)
(-0.0107945 -0.463339 1.02049)
(0.0484308 -0.38209 1.00915)
(-0.000716525 -0.0971141 0.935064)
(0.0026771 -0.25196 0.953907)
(0.00635836 -0.367924 0.996223)
(-0.0107035 -0.45728 1.02196)
(0.0474638 -0.377158 1.00864)
(-0.000596965 -0.0960811 0.933763)
(0.00295686 -0.249497 0.952277)
(0.00610887 -0.363754 0.995866)
(-0.0105102 -0.452069 1.02128)
(0.0466161 -0.372745 1.00788)
(-0.00117523 -0.0953154 0.934029)
(0.00258839 -0.246982 0.953115)
(0.00597526 -0.35966 0.998264)
(-0.0103207 -0.446295 1.02291)
(0.0456721 -0.368165 1.00724)
(-0.00232116 -0.0934589 0.93333)
(0.00248885 -0.244554 0.951507)
(0.0059228 -0.355803 0.997404)
(-0.0102339 -0.441354 1.02203)
(0.0449758 -0.363954 1.00666)
(-0.0030629 -0.0914392 0.93512)
(0.00207599 -0.241426 0.952788)
(0.00585519 -0.351816 0.99948)
(-0.0100504 -0.435887 1.0238)
(0.044072 -0.359713 1.0059)
(-0.00339937 -0.0896533 0.935709)
(0.00179914 -0.23854 0.951754)
(0.00605955 -0.347949 0.997813)
(-0.0101877 -0.431136 1.02266)
(0.0436352 -0.355715 1.00557)
(-0.0035463 -0.0876896 0.938271)
(0.00130052 -0.234866 0.953709)
(0.00602508 -0.343678 0.999571)
(-0.00982842 -0.425951 1.02448)
(0.0427446 -0.35178 1.00465)
(-0.00347649 -0.0862021 0.939392)
(0.00104272 -0.231671 0.953232)
(0.00626688 -0.33957 0.997167)
(-0.0100857 -0.421076 1.02305)
(0.0425347 -0.348046 1.00474)
(-0.003483 -0.084531 0.941942)
(0.000641739 -0.227736 0.955547)
(0.00612771 -0.334975 0.998822)
(-0.00955093 -0.41619 1.02478)
(0.0416516 -0.344217 1.00376)
(-0.0033804 -0.0831405 0.943898)
(0.000473348 -0.224617 0.955261)
(0.00632483 -0.330716 0.995953)
(-0.0100173 -0.410934 1.02299)
(0.0415675 -0.340696 1.00434)
(-0.00340855 -0.0812767 0.946258)
(8.01648e-05 -0.220418 0.957721)
(0.00620961 -0.325756 0.997851)
(-0.00944895 -0.406391 1.02455)
(0.0408948 -0.336831 1.00321)
(-0.00321848 -0.0801467 0.94913)
(0.00022913 -0.217494 0.957461)
(0.00643163 -0.32136 0.994762)
(-0.0100184 -0.400573 1.02232)
(0.0407259 -0.333571 1.0043)
(-0.00260297 -0.0776117 0.949919)
(0.000911291 -0.212162 0.959811)
(0.00737285 -0.315615 0.997042)
(-0.00871809 -0.396378 1.02372)
(0.0408736 -0.329558 1.00335)
(-0.00222851 -0.0766367 0.947274)
(0.00219738 -0.209072 0.955967)
(0.00874252 -0.310151 0.992423)
(-0.00755901 -0.388886 1.02134)
(0.0408771 -0.326481 1.00659)
(0.00241917 -0.0722774 0.943468)
(0.0106654 -0.198989 0.954007)
(0.018449 -0.300662 0.994876)
(0.000525558 -0.384481 1.02433)
(0.0463496 -0.321489 1.00879)
(0.00410186 -0.067676 0.879643)
(0.0197999 -0.185567 0.897759)
(0.0349863 -0.282984 0.961544)
(0.0205273 -0.366215 1.02277)
(0.0536293 -0.317314 1.0484)
)
;
    }
    walls
    {
        type            calculated;
        value           uniform (0 0 0);
    }
}


// ************************************************************************* //
