/*--------------------------------*- C++ -*----------------------------------*\
| =========                 |                                                 |
| \\      /  F ield         | OpenFOAM: The Open Source CFD Toolbox           |
|  \\    /   O peration     | Version:  v2006                                 |
|   \\  /    A nd           | Website:  www.openfoam.com                      |
|    \\/     M anipulation  |                                                 |
\*---------------------------------------------------------------------------*/
FoamFile
{
    version     2.0;
    format      ascii;
    class       volScalarField;
    location    "100";
    object      momentum:cyl_r;
}
// * * * * * * * * * * * * * * * * * * * * * * * * * * * * * * * * * * * * * //

dimensions      [0 1 0 0 0 0 0];


internalField   nonuniform List<scalar> 
1250
(
0.0658459
0.0658459
0.0658459
0.0658459
0.0658459
0.0658459
0.0658459
0.0658459
0.0658459
0.0658459
0.0658459
0.0658459
0.0658459
0.0658459
0.0658459
0.0658459
0.0658459
0.0658459
0.0658459
0.0658459
0.0658459
0.0658459
0.0658459
0.0658459
0.0658459
0.0658459
0.0658459
0.0658459
0.0658459
0.0658459
0.0658459
0.0658459
0.0658459
0.0658459
0.0658459
0.0658459
0.0658459
0.0658459
0.0658459
0.0658459
0.0658459
0.0658459
0.0658459
0.0658459
0.0658459
0.0658459
0.0658459
0.0658459
0.0658459
0.0658459
0.0658459
0.0658459
0.0658459
0.0658459
0.0658459
0.0658459
0.0658459
0.0658459
0.0658459
0.0658459
0.0658459
0.0658459
0.0658459
0.0658459
0.0658459
0.0658459
0.0658459
0.0658459
0.0658459
0.0658459
0.0658459
0.0658459
0.0658459
0.0658459
0.0658459
0.0658459
0.0658459
0.0658459
0.0658459
0.0658459
0.0658459
0.0658459
0.0658459
0.0658459
0.0658459
0.0658459
0.0658459
0.0658459
0.0658459
0.0658459
0.0658459
0.0658459
0.0658459
0.0658459
0.0658459
0.0658459
0.0658459
0.0658459
0.0658459
0.0658459
0.0658459
0.0658459
0.0658459
0.0658459
0.0658459
0.0658459
0.0658459
0.0658459
0.0658459
0.0658459
0.0658459
0.0658459
0.0658459
0.0658459
0.0658459
0.0658459
0.0658459
0.0658459
0.0658459
0.0658459
0.0658459
0.0658459
0.0658459
0.0658459
0.0658459
0.0658459
0.0658459
0.0658459
0.0658459
0.0658459
0.0658459
0.0658459
0.0658459
0.0658459
0.0658459
0.0658459
0.0658459
0.0658459
0.0658459
0.0658459
0.0658459
0.0658459
0.0658459
0.0658459
0.0658459
0.0658459
0.0658459
0.0658459
0.0658459
0.0658459
0.0658459
0.0658459
0.0658459
0.0658459
0.0658459
0.0658459
0.0658459
0.0658459
0.0658459
0.0658459
0.0658459
0.0658459
0.0658459
0.0658459
0.0658459
0.0658459
0.0658459
0.0658459
0.0658459
0.0658459
0.0658459
0.0658459
0.0658459
0.0658459
0.0658459
0.0658459
0.0658459
0.0658459
0.0658459
0.0658459
0.0658459
0.0658459
0.0658459
0.0658459
0.0658459
0.0658459
0.0658459
0.0658459
0.0658459
0.0658459
0.0658459
0.0658459
0.0658459
0.0658459
0.0658459
0.0658459
0.0658459
0.0658459
0.0658459
0.0658459
0.0658459
0.0658459
0.0658459
0.0658459
0.0658459
0.0658459
0.0658459
0.0658459
0.0658459
0.0658459
0.0658459
0.0658459
0.0658459
0.0658459
0.0658459
0.0658459
0.0658459
0.0658459
0.0658459
0.0658459
0.0658459
0.0658459
0.0658459
0.0658459
0.0658459
0.0658459
0.0658459
0.0658459
0.0658459
0.0658459
0.0658459
0.0658459
0.0658459
0.0658459
0.0658459
0.0658459
0.0658459
0.0658459
0.0658459
0.0658459
0.0658459
0.0658459
0.0658459
0.0658459
0.0658459
0.0658459
0.0658459
0.0658459
0.0658459
0.0658459
0.15364
0.15364
0.15364
0.15364
0.15364
0.15364
0.15364
0.15364
0.15364
0.15364
0.15364
0.15364
0.15364
0.15364
0.15364
0.15364
0.15364
0.15364
0.15364
0.15364
0.15364
0.15364
0.15364
0.15364
0.15364
0.15364
0.15364
0.15364
0.15364
0.15364
0.15364
0.15364
0.15364
0.15364
0.15364
0.15364
0.15364
0.15364
0.15364
0.15364
0.15364
0.15364
0.15364
0.15364
0.15364
0.15364
0.15364
0.15364
0.15364
0.15364
0.15364
0.15364
0.15364
0.15364
0.15364
0.15364
0.15364
0.15364
0.15364
0.15364
0.15364
0.15364
0.15364
0.15364
0.15364
0.15364
0.15364
0.15364
0.15364
0.15364
0.15364
0.15364
0.15364
0.15364
0.15364
0.15364
0.15364
0.15364
0.15364
0.15364
0.15364
0.15364
0.15364
0.15364
0.15364
0.15364
0.15364
0.15364
0.15364
0.15364
0.15364
0.15364
0.15364
0.15364
0.15364
0.15364
0.15364
0.15364
0.15364
0.15364
0.15364
0.15364
0.15364
0.15364
0.15364
0.15364
0.15364
0.15364
0.15364
0.15364
0.15364
0.15364
0.15364
0.15364
0.15364
0.15364
0.15364
0.15364
0.15364
0.15364
0.15364
0.15364
0.15364
0.15364
0.15364
0.15364
0.15364
0.15364
0.15364
0.15364
0.15364
0.15364
0.15364
0.15364
0.15364
0.15364
0.15364
0.15364
0.15364
0.15364
0.15364
0.15364
0.15364
0.15364
0.15364
0.15364
0.15364
0.15364
0.15364
0.15364
0.15364
0.15364
0.15364
0.15364
0.15364
0.15364
0.15364
0.15364
0.15364
0.15364
0.15364
0.15364
0.15364
0.15364
0.15364
0.15364
0.15364
0.15364
0.15364
0.15364
0.15364
0.15364
0.15364
0.15364
0.15364
0.15364
0.15364
0.15364
0.15364
0.15364
0.15364
0.15364
0.15364
0.15364
0.15364
0.15364
0.15364
0.15364
0.15364
0.15364
0.15364
0.15364
0.15364
0.15364
0.15364
0.15364
0.15364
0.15364
0.15364
0.15364
0.15364
0.15364
0.15364
0.15364
0.15364
0.15364
0.15364
0.15364
0.15364
0.15364
0.15364
0.15364
0.15364
0.15364
0.15364
0.15364
0.15364
0.15364
0.15364
0.15364
0.15364
0.15364
0.15364
0.15364
0.15364
0.15364
0.15364
0.15364
0.15364
0.15364
0.15364
0.15364
0.15364
0.15364
0.15364
0.15364
0.15364
0.15364
0.15364
0.15364
0.15364
0.15364
0.15364
0.15364
0.15364
0.15364
0.15364
0.15364
0.15364
0.15364
0.250214
0.250214
0.250214
0.250214
0.250214
0.250214
0.250214
0.250214
0.250214
0.250214
0.250214
0.250214
0.250214
0.250214
0.250214
0.250214
0.250214
0.250214
0.250214
0.250214
0.250214
0.250214
0.250214
0.250214
0.250214
0.250214
0.250214
0.250214
0.250214
0.250214
0.250214
0.250214
0.250214
0.250214
0.250214
0.250214
0.250214
0.250214
0.250214
0.250214
0.250214
0.250214
0.250214
0.250214
0.250214
0.250214
0.250214
0.250214
0.250214
0.250214
0.250214
0.250214
0.250214
0.250214
0.250214
0.250214
0.250214
0.250214
0.250214
0.250214
0.250214
0.250214
0.250214
0.250214
0.250214
0.250214
0.250214
0.250214
0.250214
0.250214
0.250214
0.250214
0.250214
0.250214
0.250214
0.250214
0.250214
0.250214
0.250214
0.250214
0.250214
0.250214
0.250214
0.250214
0.250214
0.250214
0.250214
0.250214
0.250214
0.250214
0.250214
0.250214
0.250214
0.250214
0.250214
0.250214
0.250214
0.250214
0.250214
0.250214
0.250214
0.250214
0.250214
0.250214
0.250214
0.250214
0.250214
0.250214
0.250214
0.250214
0.250214
0.250214
0.250214
0.250214
0.250214
0.250214
0.250214
0.250214
0.250214
0.250214
0.250214
0.250214
0.250214
0.250214
0.250214
0.250214
0.250214
0.250214
0.250214
0.250214
0.250214
0.250214
0.250214
0.250214
0.250214
0.250214
0.250214
0.250214
0.250214
0.250214
0.250214
0.250214
0.250214
0.250214
0.250214
0.250214
0.250214
0.250214
0.250214
0.250214
0.250214
0.250214
0.250214
0.250214
0.250214
0.250214
0.250214
0.250214
0.250214
0.250214
0.250214
0.250214
0.250214
0.250214
0.250214
0.250214
0.250214
0.250214
0.250214
0.250214
0.250214
0.250214
0.250214
0.250214
0.250214
0.250214
0.250214
0.250214
0.250214
0.250214
0.250214
0.250214
0.250214
0.250214
0.250214
0.250214
0.250214
0.250214
0.250214
0.250214
0.250214
0.250214
0.250214
0.250214
0.250214
0.250214
0.250214
0.250214
0.250214
0.250214
0.250214
0.250214
0.250214
0.250214
0.250214
0.250214
0.250214
0.250214
0.250214
0.250214
0.250214
0.250214
0.250214
0.250214
0.250214
0.250214
0.250214
0.250214
0.250214
0.250214
0.250214
0.250214
0.250214
0.250214
0.250214
0.250214
0.250214
0.250214
0.250214
0.250214
0.250214
0.250214
0.250214
0.250214
0.250214
0.250214
0.250214
0.250214
0.250214
0.250214
0.250214
0.250214
0.250214
0.250214
0.250214
0.250214
0.250214
0.250214
0.250214
0.250214
0.348042
0.348042
0.348042
0.348042
0.348042
0.348042
0.348042
0.348042
0.348042
0.348042
0.348042
0.348042
0.348042
0.348042
0.348042
0.348042
0.348042
0.348042
0.348042
0.348042
0.348042
0.348042
0.348042
0.348042
0.348042
0.348042
0.348042
0.348042
0.348042
0.348042
0.348042
0.348042
0.348042
0.348042
0.348042
0.348042
0.348042
0.348042
0.348042
0.348042
0.348042
0.348042
0.348042
0.348042
0.348042
0.348042
0.348042
0.348042
0.348042
0.348042
0.348042
0.348042
0.348042
0.348042
0.348042
0.348042
0.348042
0.348042
0.348042
0.348042
0.348042
0.348042
0.348042
0.348042
0.348042
0.348042
0.348042
0.348042
0.348042
0.348042
0.348042
0.348042
0.348042
0.348042
0.348042
0.348042
0.348042
0.348042
0.348042
0.348042
0.348042
0.348042
0.348042
0.348042
0.348042
0.348042
0.348042
0.348042
0.348042
0.348042
0.348042
0.348042
0.348042
0.348042
0.348042
0.348042
0.348042
0.348042
0.348042
0.348042
0.348043
0.348043
0.348043
0.348043
0.348043
0.348043
0.348043
0.348043
0.348043
0.348043
0.348043
0.348043
0.348043
0.348043
0.348043
0.348043
0.348043
0.348043
0.348043
0.348043
0.348043
0.348043
0.348043
0.348043
0.348043
0.348043
0.348043
0.348043
0.348043
0.348043
0.348043
0.348043
0.348043
0.348043
0.348043
0.348043
0.348043
0.348043
0.348043
0.348043
0.348043
0.348043
0.348043
0.348043
0.348043
0.348043
0.348043
0.348043
0.348043
0.348043
0.348043
0.348043
0.348043
0.348043
0.348043
0.348043
0.348043
0.348043
0.348043
0.348043
0.348043
0.348043
0.348043
0.348043
0.348043
0.348043
0.348043
0.348043
0.348043
0.348043
0.348043
0.348043
0.348043
0.348043
0.348043
0.348043
0.348043
0.348043
0.348043
0.348043
0.348043
0.348043
0.348043
0.348043
0.348043
0.348043
0.348043
0.348043
0.348043
0.348043
0.348043
0.348043
0.348043
0.348043
0.348043
0.348043
0.348043
0.348043
0.348043
0.348043
0.348043
0.348043
0.348043
0.348043
0.348043
0.348043
0.348043
0.348043
0.348043
0.348043
0.348043
0.348043
0.348043
0.348043
0.348043
0.348043
0.348043
0.348043
0.348043
0.348043
0.348043
0.348043
0.348043
0.348043
0.348043
0.348043
0.348043
0.348043
0.348043
0.348043
0.348043
0.348043
0.348043
0.348043
0.348043
0.348043
0.348043
0.348043
0.348043
0.348043
0.348043
0.348043
0.348043
0.348043
0.348043
0.348043
0.348043
0.348043
0.348043
0.348043
0.446289
0.446289
0.446289
0.446289
0.446289
0.446289
0.446289
0.446289
0.446289
0.446289
0.446289
0.446289
0.446289
0.446289
0.446289
0.446289
0.446289
0.446289
0.446289
0.446289
0.446289
0.446289
0.446289
0.446289
0.446289
0.446289
0.446289
0.446289
0.446289
0.446289
0.446289
0.446289
0.446289
0.446289
0.446289
0.446289
0.446289
0.446289
0.446289
0.446289
0.446289
0.446289
0.446289
0.446289
0.446289
0.446289
0.446289
0.446289
0.446289
0.446289
0.446289
0.446289
0.446289
0.446289
0.446289
0.446289
0.446289
0.446289
0.446289
0.446289
0.446289
0.446289
0.446289
0.446289
0.446289
0.446289
0.446289
0.446289
0.446289
0.446289
0.446289
0.446289
0.446289
0.446289
0.446289
0.446289
0.446289
0.446289
0.446289
0.446289
0.446289
0.446289
0.446289
0.446289
0.446289
0.446289
0.446289
0.446289
0.446289
0.446289
0.446289
0.446289
0.446289
0.446289
0.446289
0.446289
0.446289
0.446289
0.446289
0.446289
0.446289
0.446289
0.446289
0.446289
0.446289
0.446289
0.446289
0.446289
0.446289
0.446289
0.446289
0.446289
0.446289
0.446289
0.446289
0.446289
0.446289
0.446289
0.446289
0.446289
0.446289
0.446289
0.446289
0.446289
0.446289
0.446289
0.446289
0.446289
0.446289
0.446289
0.446289
0.446289
0.446289
0.446289
0.446289
0.446289
0.446289
0.446289
0.446289
0.446289
0.446289
0.446289
0.446289
0.446289
0.446289
0.446289
0.446289
0.446289
0.446289
0.446289
0.446289
0.446289
0.446289
0.446289
0.446289
0.446289
0.446289
0.446289
0.446289
0.446289
0.446289
0.446289
0.446289
0.446289
0.446289
0.446289
0.446289
0.446289
0.446289
0.446289
0.446289
0.446289
0.446289
0.446289
0.446289
0.446289
0.446289
0.446289
0.446289
0.446289
0.446289
0.446289
0.446289
0.446289
0.446289
0.446289
0.446289
0.446289
0.446289
0.446289
0.446289
0.446289
0.446289
0.446289
0.446289
0.446289
0.446289
0.446289
0.446289
0.446289
0.446289
0.446289
0.446289
0.446289
0.446289
0.446289
0.446289
0.446289
0.446289
0.446289
0.446289
0.446289
0.446289
0.446289
0.446289
0.446289
0.446289
0.446289
0.446289
0.446289
0.446289
0.446289
0.446289
0.446289
0.446289
0.446289
0.446289
0.446289
0.446289
0.446289
0.446289
0.446289
0.446289
0.446289
0.446289
0.446289
0.446289
0.446289
0.446289
0.446289
0.446289
0.446289
0.446289
0.446289
0.446289
0.446289
0.446289
0.446289
0.446289
0.446289
)
;

boundaryField
{
    inlet
    {
        type            calculated;
        value           nonuniform List<scalar> 
25
(
0.0658459
0.0658459
0.0658459
0.0658459
0.0658459
0.15364
0.15364
0.15364
0.15364
0.15364
0.250214
0.250214
0.250214
0.250214
0.250214
0.348042
0.348042
0.348043
0.348043
0.348043
0.446289
0.446289
0.446289
0.446289
0.446289
)
;
    }
    outlet
    {
        type            calculated;
        value           nonuniform List<scalar> 
25
(
0.0658459
0.0658459
0.0658459
0.0658459
0.0658459
0.15364
0.15364
0.15364
0.15364
0.15364
0.250214
0.250214
0.250214
0.250214
0.250214
0.348042
0.348042
0.348043
0.348043
0.348043
0.446289
0.446289
0.446289
0.446289
0.446289
)
;
    }
    side1
    {
        type            cyclicAMI;
        value           nonuniform List<scalar> 
250
(
0.05
0.15
0.25
0.35
0.45
0.05
0.15
0.25
0.35
0.45
0.05
0.15
0.25
0.35
0.45
0.05
0.15
0.25
0.35
0.45
0.05
0.15
0.25
0.35
0.45
0.05
0.15
0.25
0.35
0.45
0.05
0.15
0.25
0.35
0.45
0.05
0.15
0.25
0.35
0.45
0.05
0.15
0.25
0.35
0.45
0.05
0.15
0.25
0.35
0.45
0.05
0.15
0.25
0.35
0.45
0.05
0.15
0.25
0.35
0.45
0.05
0.15
0.25
0.35
0.45
0.05
0.15
0.25
0.35
0.45
0.05
0.15
0.25
0.35
0.45
0.05
0.15
0.25
0.35
0.45
0.05
0.15
0.25
0.35
0.45
0.05
0.15
0.25
0.35
0.45
0.05
0.15
0.25
0.35
0.45
0.05
0.15
0.25
0.35
0.45
0.05
0.15
0.25
0.35
0.45
0.05
0.15
0.25
0.35
0.45
0.05
0.15
0.25
0.35
0.45
0.05
0.15
0.25
0.35
0.45
0.05
0.15
0.25
0.35
0.45
0.05
0.15
0.25
0.35
0.45
0.05
0.15
0.25
0.35
0.45
0.05
0.15
0.25
0.35
0.45
0.05
0.15
0.25
0.35
0.45
0.05
0.15
0.25
0.35
0.45
0.05
0.15
0.25
0.35
0.45
0.05
0.15
0.25
0.35
0.45
0.05
0.15
0.25
0.35
0.45
0.05
0.15
0.25
0.35
0.45
0.05
0.15
0.25
0.35
0.45
0.05
0.15
0.25
0.35
0.45
0.05
0.15
0.25
0.35
0.45
0.05
0.15
0.25
0.35
0.45
0.05
0.15
0.25
0.35
0.45
0.05
0.15
0.25
0.35
0.45
0.05
0.15
0.25
0.35
0.45
0.05
0.15
0.25
0.35
0.45
0.05
0.15
0.25
0.35
0.45
0.05
0.15
0.25
0.35
0.45
0.05
0.15
0.25
0.35
0.45
0.05
0.15
0.25
0.35
0.45
0.05
0.15
0.25
0.35
0.45
0.05
0.15
0.25
0.35
0.45
0.05
0.15
0.25
0.35
0.45
0.05
0.15
0.25
0.35
0.45
)
;
    }
    side2
    {
        type            cyclicAMI;
        value           nonuniform List<scalar> 
250
(
0.05
0.15
0.25
0.35
0.45
0.05
0.15
0.25
0.35
0.45
0.05
0.15
0.25
0.35
0.45
0.05
0.15
0.25
0.35
0.45
0.05
0.15
0.25
0.35
0.45
0.05
0.15
0.25
0.35
0.45
0.05
0.15
0.25
0.35
0.45
0.05
0.15
0.25
0.35
0.45
0.05
0.15
0.25
0.35
0.45
0.05
0.15
0.25
0.35
0.45
0.05
0.15
0.25
0.35
0.45
0.05
0.15
0.25
0.35
0.45
0.05
0.15
0.25
0.35
0.45
0.05
0.15
0.25
0.35
0.45
0.05
0.15
0.25
0.35
0.45
0.05
0.15
0.25
0.35
0.45
0.05
0.15
0.25
0.35
0.45
0.05
0.15
0.25
0.35
0.45
0.05
0.15
0.25
0.35
0.45
0.05
0.15
0.25
0.35
0.45
0.05
0.15
0.25
0.35
0.45
0.05
0.15
0.25
0.35
0.45
0.05
0.15
0.25
0.35
0.45
0.05
0.15
0.25
0.35
0.45
0.05
0.15
0.25
0.35
0.45
0.05
0.15
0.25
0.35
0.45
0.05
0.15
0.25
0.35
0.45
0.05
0.15
0.25
0.35
0.45
0.05
0.15
0.25
0.35
0.45
0.05
0.15
0.25
0.35
0.45
0.05
0.15
0.25
0.35
0.45
0.05
0.15
0.25
0.35
0.45
0.05
0.15
0.25
0.35
0.45
0.05
0.15
0.25
0.35
0.45
0.05
0.15
0.25
0.35
0.45
0.05
0.15
0.25
0.35
0.45
0.05
0.15
0.25
0.35
0.45
0.05
0.15
0.25
0.35
0.45
0.05
0.15
0.25
0.35
0.45
0.05
0.15
0.25
0.35
0.45
0.05
0.15
0.25
0.35
0.45
0.05
0.15
0.25
0.35
0.45
0.05
0.15
0.25
0.35
0.45
0.05
0.15
0.25
0.35
0.45
0.05
0.15
0.25
0.35
0.45
0.05
0.15
0.25
0.35
0.45
0.05
0.15
0.25
0.35
0.45
0.05
0.15
0.25
0.35
0.45
0.05
0.15
0.25
0.35
0.45
0.05
0.15
0.25
0.35
0.45
)
;
    }
    walls
    {
        type            calculated;
        value           nonuniform List<scalar> 
250
(
0.493844
0.493844
0.493844
0.493844
0.493844
0.493844
0.493844
0.493844
0.493844
0.493844
0.493844
0.493844
0.493844
0.493844
0.493844
0.493844
0.493844
0.493844
0.493844
0.493844
0.493844
0.493844
0.493844
0.493844
0.493844
0.493844
0.493844
0.493844
0.493844
0.493844
0.493844
0.493844
0.493844
0.493844
0.493844
0.493844
0.493844
0.493844
0.493844
0.493844
0.493844
0.493844
0.493844
0.493844
0.493844
0.493844
0.493844
0.493844
0.493844
0.493844
0.493844
0.493844
0.493844
0.493844
0.493844
0.493844
0.493844
0.493844
0.493844
0.493844
0.493844
0.493844
0.493844
0.493844
0.493844
0.493844
0.493844
0.493844
0.493844
0.493844
0.493844
0.493844
0.493844
0.493844
0.493844
0.493844
0.493844
0.493844
0.493844
0.493844
0.493844
0.493844
0.493844
0.493844
0.493844
0.493844
0.493844
0.493844
0.493844
0.493844
0.493844
0.493844
0.493844
0.493844
0.493844
0.493844
0.493844
0.493844
0.493844
0.493844
0.493844
0.493844
0.493844
0.493844
0.493844
0.493844
0.493844
0.493844
0.493844
0.493844
0.493844
0.493844
0.493844
0.493844
0.493844
0.493844
0.493844
0.493844
0.493844
0.493844
0.493844
0.493844
0.493844
0.493844
0.493844
0.493844
0.493844
0.493844
0.493844
0.493844
0.493844
0.493844
0.493844
0.493844
0.493844
0.493844
0.493844
0.493844
0.493844
0.493844
0.493844
0.493844
0.493844
0.493844
0.493844
0.493844
0.493844
0.493844
0.493844
0.493844
0.493844
0.493844
0.493844
0.493844
0.493844
0.493844
0.493844
0.493844
0.493844
0.493844
0.493844
0.493844
0.493844
0.493844
0.493844
0.493844
0.493844
0.493844
0.493844
0.493844
0.493844
0.493844
0.493844
0.493844
0.493844
0.493844
0.493844
0.493844
0.493844
0.493844
0.493844
0.493844
0.493844
0.493844
0.493844
0.493844
0.493844
0.493844
0.493844
0.493844
0.493844
0.493844
0.493844
0.493844
0.493844
0.493844
0.493844
0.493844
0.493844
0.493844
0.493844
0.493844
0.493844
0.493844
0.493844
0.493844
0.493844
0.493844
0.493844
0.493844
0.493844
0.493844
0.493844
0.493844
0.493844
0.493844
0.493844
0.493844
0.493844
0.493844
0.493844
0.493844
0.493844
0.493844
0.493844
0.493844
0.493844
0.493844
0.493844
0.493844
0.493844
0.493844
0.493844
0.493844
0.493844
0.493844
0.493844
0.493844
0.493844
0.493844
0.493844
0.493844
0.493844
0.493844
0.493844
0.493844
0.493844
0.493844
0.493844
0.493844
)
;
    }
}


// ************************************************************************* //
