/*--------------------------------*- C++ -*----------------------------------*\
| =========                 |                                                 |
| \\      /  F ield         | OpenFOAM: The Open Source CFD Toolbox           |
|  \\    /   O peration     | Version:  v2006                                 |
|   \\  /    A nd           | Website:  www.openfoam.com                      |
|    \\/     M anipulation  |                                                 |
\*---------------------------------------------------------------------------*/
FoamFile
{
    version     2.0;
    format      ascii;
    class       surfaceScalarField;
    location    "100";
    object      phi;
}
// * * * * * * * * * * * * * * * * * * * * * * * * * * * * * * * * * * * * * //

dimensions      [0 3 -1 0 0 0 0];
oriented        oriented;


internalField   nonuniform List<scalar> 
3225
(
0.00154642
0.00255494
-1.4573e-06
0.00154952
0.00250007
-3.11706e-06
0.00155309
0.00240925
-3.49781e-06
0.00155923
0.00232797
-6.13538e-06
0.00156298
0.0022769
-3.76229e-06
0.00156188
0.00224906
8.38968e-07
0.00155525
0.0023126
7.44397e-06
0.00154165
0.00241379
1.34754e-05
0.00152666
0.00248147
1.88719e-05
0.0015103
0.0022215
1.71371e-05
0.00149499
0.00206046
1.50321e-05
0.00148294
0.00206063
1.1852e-05
0.0014728
0.00206683
1.0229e-05
0.00146638
0.0020475
6.84107e-06
0.00146511
0.00200511
1.85699e-06
0.00146874
0.00194871
-3.05135e-06
0.00147596
0.00187615
-6.40467e-06
0.00148493
0.00179698
-8.30682e-06
0.00149425
0.00171509
-8.66207e-06
0.001503
0.00163419
-8.09986e-06
0.00151083
0.00155428
-7.26889e-06
0.00151768
0.00147535
-6.47782e-06
0.00152371
0.00139772
-5.72114e-06
0.00152909
0.00132111
-5.03287e-06
0.00153387
0.00124517
-4.51912e-06
0.00153812
0.00116986
-4.10945e-06
0.00154194
0.00109476
-3.65971e-06
0.00154537
0.00101996
-3.38744e-06
0.00154846
0.000945011
-3.04527e-06
0.00155125
0.000870573
-2.85801e-06
0.00155376
0.0007962
-2.52751e-06
0.001556
0.000722414
-2.42183e-06
0.001558
0.000649875
-2.24323e-06
0.00155984
0.000578991
-2.03607e-06
0.00156149
0.000510723
-1.93049e-06
0.00156291
0.000445788
-1.87927e-06
0.00156414
0.000384782
-1.59328e-06
0.00156513
0.000327973
-1.45005e-06
0.00156593
0.000276072
-1.17707e-06
0.00156654
0.000229639
-1.03898e-06
0.00156698
0.000188821
-8.96068e-07
0.0015673
0.000153491
-6.94728e-07
0.00156751
0.000123203
-6.05491e-07
0.00156764
9.78085e-05
-4.74238e-07
0.00156772
7.66134e-05
-3.86894e-07
0.00156777
5.93356e-05
-3.50422e-07
0.0015678
4.5212e-05
-2.6163e-07
0.00156781
3.42549e-05
-2.30305e-07
0.00156783
2.51955e-05
-1.81842e-07
1.90479e-05
-1.59765e-07
0.00154643
0.00255493
-1.43641e-06
0.00154952
0.00250004
-3.06646e-06
0.0015531
0.00240937
-3.67716e-06
0.00155923
0.00232795
-6.12681e-06
0.00156298
0.00227689
-3.72241e-06
0.00156188
0.00224891
1.24791e-06
0.00155526
0.00231312
6.67744e-06
0.00154171
0.00241349
1.38636e-05
0.00152673
0.00248242
1.69329e-05
0.0015103
0.00222235
1.57487e-05
0.00149501
0.00206027
1.48431e-05
0.00148297
0.00206015
1.21262e-05
0.00147282
0.00206663
1.02141e-05
0.00146639
0.00204777
6.38227e-06
0.00146511
0.00200569
1.11235e-06
0.00146872
0.00194964
-4.06761e-06
0.00147592
0.00187732
-7.59399e-06
0.00148488
0.00179831
-9.54795e-06
0.00149419
0.00171644
-9.86257e-06
0.00150295
0.0016355
-9.25665e-06
0.00151079
0.00155565
-8.45431e-06
0.00151764
0.00147678
-7.65601e-06
0.00152367
0.00139917
-6.89272e-06
0.00152906
0.00132259
-6.20215e-06
0.00153384
0.00124669
-5.69617e-06
0.0015381
0.00117142
-5.29923e-06
0.00154192
0.00109636
-4.86338e-06
0.00154535
0.00102161
-4.60267e-06
0.00154844
0.000946713
-4.272e-06
0.00155123
0.000872329
-4.10797e-06
0.00155375
0.000797999
-3.79337e-06
0.00155599
0.000724266
-3.71129e-06
0.00155799
0.000651768
-3.5649e-06
0.00155983
0.000580979
-3.43089e-06
0.00156149
0.000512872
-3.42015e-06
0.00156291
0.000447983
-3.33644e-06
0.00156413
0.000386815
-2.90578e-06
0.00156513
0.000329799
-2.60265e-06
0.00156592
0.000277719
-2.19473e-06
0.00156654
0.00023114
-1.95036e-06
0.00156697
0.000190195
-1.70753e-06
0.00156729
0.000154721
-1.40833e-06
0.00156751
0.000124293
-1.22574e-06
0.00156764
9.87539e-05
-9.99436e-07
0.00156773
7.74172e-05
-8.26505e-07
0.00156777
6.00107e-05
-7.06427e-07
0.0015678
4.57652e-05
-5.48206e-07
0.00156781
3.47054e-05
-4.56734e-07
0.00156783
2.55505e-05
-3.58643e-07
1.93436e-05
-3.01522e-07
0.00154643
0.00255495
-1.44581e-06
0.00154952
0.00250004
-3.10071e-06
0.00155309
0.00240932
-3.5537e-06
0.00155924
0.00232796
-6.16663e-06
0.00156298
0.00227692
-3.81312e-06
0.00156189
0.00224884
1.11164e-06
0.00155525
0.0023128
7.29874e-06
0.00154172
0.0024136
1.36767e-05
0.00152679
0.00248194
1.71911e-05
0.00151038
0.00222289
1.59654e-05
0.00149508
0.00206076
1.46219e-05
0.00148302
0.00206038
1.17548e-05
0.00147286
0.00206681
1.00855e-05
0.0014664
0.00204791
6.50795e-06
0.00146508
0.00200582
1.48371e-06
0.00146866
0.0019498
-3.44764e-06
0.00147584
0.00187742
-6.7868e-06
0.0014848
0.00179839
-8.61033e-06
0.00149411
0.00171649
-8.88488e-06
0.00150288
0.00163555
-8.31392e-06
0.00151073
0.00155571
-7.41695e-06
0.00151758
0.00147684
-6.54502e-06
0.00152362
0.00139922
-5.7269e-06
0.00152901
0.00132261
-4.98306e-06
0.0015338
0.0012467
-4.42633e-06
0.00153806
0.00117146
-3.97168e-06
0.00154189
0.00109638
-3.4809e-06
0.00154532
0.00102165
-3.15544e-06
0.00154841
0.00094672
-2.75967e-06
0.00155121
0.000872358
-2.53012e-06
0.00155373
0.000798001
-2.16498e-06
0.00155597
0.000724309
-2.03821e-06
0.00155798
0.000651847
-1.86648e-06
0.00155982
0.000581091
-1.67006e-06
0.00156146
0.000513052
-1.54826e-06
0.00156289
0.000448153
-1.3883e-06
0.00156412
0.000386905
-1.05896e-06
0.00156512
0.000329868
-9.11062e-07
0.00156592
0.000277744
-6.42991e-07
0.00156654
0.000231174
-5.14689e-07
0.00156697
0.000190228
-3.92752e-07
0.0015673
0.000154734
-2.21289e-07
0.00156751
0.000124315
-1.72528e-07
0.00156764
9.87635e-05
-7.86532e-08
0.00156773
7.74221e-05
-3.66699e-08
0.00156778
6.00147e-05
-3.97321e-08
0.0015678
4.57632e-05
4.50087e-09
0.00156782
3.47025e-05
-5.70242e-09
0.00156783
2.55465e-05
-1.07018e-09
1.93423e-05
-8.99092e-09
0.00154643
0.00255496
-1.45477e-06
0.00154952
0.00250005
-3.09349e-06
0.00155309
0.00240937
-3.59165e-06
0.00155924
0.00232791
-6.1101e-06
0.00156298
0.00227695
-3.75616e-06
0.00156189
0.00224891
1.06742e-06
0.00155525
0.00231332
6.69443e-06
0.00154175
0.00241301
1.39958e-05
0.00152677
0.00248155
1.81942e-05
0.00151036
0.00222239
1.7079e-05
0.00149505
0.00206082
1.45913e-05
0.00148298
0.00206059
1.14447e-05
0.00147283
0.00206682
1.00105e-05
0.00146638
0.00204778
6.81712e-06
0.0014651
0.00200552
2.0371e-06
0.00146871
0.0019493
-2.57515e-06
0.00147591
0.00187673
-5.6898e-06
0.00148488
0.00179761
-7.36813e-06
0.00149419
0.00171561
-7.59579e-06
0.00150295
0.00163465
-7.00888e-06
0.00151079
0.0015547
-6.02613e-06
0.00151764
0.00147578
-5.12043e-06
0.00152367
0.0013981
-4.27352e-06
0.00152906
0.00132143
-3.49565e-06
0.00153385
0.00124548
-2.89608e-06
0.0015381
0.00117016
-2.3968e-06
0.00154192
0.00109503
-1.8524e-06
0.00154535
0.00102022
-1.47587e-06
0.00154845
0.000945224
-1.02217e-06
0.00155124
0.000870782
-7.30724e-07
0.00155376
0.000796362
-3.07559e-07
0.001556
0.000722619
-1.24033e-07
0.00155799
0.000650109
1.20811e-07
0.00155982
0.000579248
4.71824e-07
0.00156146
0.00051104
8.06427e-07
0.00156289
0.000446076
9.68846e-07
0.00156413
0.000384948
1.10482e-06
0.00156513
0.000328085
1.02475e-06
0.00156593
0.000276112
1.11251e-06
0.00156654
0.000229658
1.09272e-06
0.00156698
0.000188843
1.07244e-06
0.0015673
0.000153478
1.09396e-06
0.00156751
0.000123203
9.89358e-07
0.00156764
9.7791e-05
9.28369e-07
0.00156773
7.65851e-05
8.20839e-07
0.00156778
5.93154e-05
6.74339e-07
0.0015678
4.51794e-05
5.9137e-07
0.00156781
3.42327e-05
4.66872e-07
0.00156783
2.51717e-05
3.71825e-07
1.90387e-05
2.97047e-07
0.00154643
-1.43979e-06
0.00154952
-3.1023e-06
0.00155309
-3.57536e-06
0.00155924
-6.22308e-06
0.00156298
-3.72722e-06
0.00156191
1.04857e-06
0.00155524
7.73564e-06
0.00154171
1.34156e-05
0.00152673
1.70054e-05
0.00151034
1.69101e-05
0.00149502
1.51532e-05
0.00148295
1.18052e-05
0.00147281
1.02116e-05
0.00146638
6.88712e-06
0.00146511
2.08547e-06
0.00146873
-2.58032e-06
0.00147594
-5.76034e-06
0.00148491
-7.51122e-06
0.00149423
-7.80527e-06
0.00150298
-7.24215e-06
0.00151082
-6.31958e-06
0.00151767
-5.46961e-06
0.0015237
-4.6732e-06
0.00152908
-3.94692e-06
0.00153387
-3.39111e-06
0.00153812
-2.9322e-06
0.00154194
-2.4392e-06
0.00154536
-2.11144e-06
0.00154846
-1.72199e-06
0.00155125
-1.47432e-06
0.00155376
-1.10353e-06
0.001556
-9.43309e-07
0.001558
-7.07723e-07
0.00155983
-3.76359e-07
0.00156147
-1.06288e-07
0.0015629
2.30897e-09
0.00156413
1.50991e-07
0.00156514
1.26227e-07
0.00156594
2.59708e-07
0.00156655
3.00478e-07
0.00156698
3.41128e-07
0.0015673
4.28498e-07
0.00156751
4.00398e-07
0.00156764
4.08159e-07
0.00156773
3.68967e-07
0.00156777
2.8711e-07
0.0015678
2.68321e-07
0.00156781
2.01737e-07
0.00156783
1.62078e-07
1.2957e-07
0.00464109
0.0060813
-7.31837e-06
0.00466563
0.00614857
-2.77314e-05
0.00468076
0.00623947
-1.87725e-05
0.00469644
0.00642731
-2.16122e-05
0.00469825
0.00654938
-5.21631e-06
0.00468785
0.0065748
1.06508e-05
0.00466182
0.00644976
3.28212e-05
0.00462505
0.0061235
5.05011e-05
0.00458831
0.00577663
5.55715e-05
0.00456284
0.0056003
4.3373e-05
0.00454049
0.00561993
3.83021e-05
0.00451101
0.00572367
4.23439e-05
0.00447576
0.0057852
4.7053e-05
0.00444135
0.00576175
4.29129e-05
0.00441236
0.00566739
3.26998e-05
0.00439624
0.00553271
1.49589e-05
0.00439754
0.00536172
-5.48201e-06
0.00441469
0.00515698
-2.36902e-05
0.00444147
0.00492902
-3.40662e-05
0.00446983
0.00469939
-3.51564e-05
0.00449546
0.00448389
-3.16161e-05
0.00451812
0.00427863
-2.82302e-05
0.00453829
0.00407617
-2.51136e-05
0.00455635
0.00387574
-2.22614e-05
0.00457243
0.00367696
-1.98849e-05
0.00458673
0.00347973
-1.78793e-05
0.00459957
0.00328306
-1.59163e-05
0.00461105
0.00308717
-1.45078e-05
0.00462147
0.00289057
-1.30865e-05
0.00463083
0.00269539
-1.20573e-05
0.00463922
0.00249936
-1.07779e-05
0.00464677
0.0023027
-1.01291e-05
0.00465367
0.00210596
-9.39697e-06
0.00466036
0.00190926
-8.95309e-06
0.00466698
0.00171597
-8.9452e-06
0.00467321
0.00152701
-9.0913e-06
0.0046791
0.00134356
-8.64099e-06
0.00468451
0.00116759
-8.37118e-06
0.00468925
0.001002
-7.52087e-06
0.00469313
0.000849904
-6.67407e-06
0.00469615
0.000712699
-5.80975e-06
0.00469848
0.000590895
-4.86543e-06
0.00470018
0.000483949
-4.11254e-06
0.00470128
0.000392094
-3.32165e-06
0.00470203
0.000313502
-2.70852e-06
0.00470247
0.000248017
-2.30009e-06
0.00470273
0.000192897
-1.8288e-06
0.00470279
0.000149301
-1.46097e-06
0.00470283
0.000112006
-1.1755e-06
8.63415e-05
-9.14547e-07
0.00464109
0.00608132
-7.3262e-06
0.0046656
0.00614847
-2.74999e-05
0.00468073
0.00623969
-1.90779e-05
0.00469651
0.00642741
-2.20556e-05
0.00469824
0.00654936
-5.53303e-06
0.0046877
0.00657449
1.20176e-05
0.00466185
0.00644997
3.21737e-05
0.00462555
0.00612385
4.98588e-05
0.00458869
0.00577579
5.40864e-05
0.00456294
0.00560027
4.13129e-05
0.00454049
0.00562089
3.68361e-05
0.00451105
0.00572462
4.11675e-05
0.00447587
0.00578578
4.54135e-05
0.00444142
0.00576235
4.04377e-05
0.00441239
0.00566837
2.93759e-05
0.00439628
0.00553401
1.08101e-05
0.0043976
0.00536331
-1.03628e-05
0.00441475
0.00515903
-2.88072e-05
0.00444151
0.00493137
-3.90321e-05
0.00446989
0.00470173
-4.00216e-05
0.00449548
0.0044866
-3.6797e-05
0.0045181
0.00428161
-3.34132e-05
0.00453825
0.00407916
-3.01765e-05
0.0045563
0.00387866
-2.71864e-05
0.00457237
0.00367989
-2.47301e-05
0.00458668
0.00348276
-2.27041e-05
0.00459952
0.00328612
-2.07352e-05
0.00461101
0.00309034
-1.92718e-05
0.00462142
0.00289381
-1.78482e-05
0.00463079
0.00269884
-1.68826e-05
0.00463919
0.00250288
-1.56186e-05
0.00464676
0.00230648
-1.51024e-05
0.00465369
0.00210983
-1.44164e-05
0.00466036
0.00191333
-1.40926e-05
0.00466689
0.00172056
-1.44125e-05
0.00467306
0.00153207
-1.4518e-05
0.00467896
0.0013486
-1.36995e-05
0.00468442
0.00117257
-1.29825e-05
0.00468918
0.0010068
-1.16724e-05
0.00469306
0.000854564
-1.04387e-05
0.0046961
0.000717135
-9.17197e-06
0.00469843
0.000595016
-7.79727e-06
0.00470014
0.000487735
-6.66783e-06
0.00470126
0.000395476
-5.44405e-06
0.00470201
0.000316467
-4.49154e-06
0.00470246
0.000250542
-3.67779e-06
0.00470273
0.000195007
-2.90121e-06
0.00470279
0.000151043
-2.27092e-06
0.00470283
0.000113414
-1.8004e-06
8.76031e-05
-1.41956e-06
0.0046411
0.00608133
-7.34631e-06
0.00466563
0.00614858
-2.77745e-05
0.00468071
0.00623936
-1.83395e-05
0.00469645
0.00642749
-2.20295e-05
0.00469827
0.00654956
-5.88063e-06
0.00468776
0.0065747
1.13141e-05
0.00466196
0.00644963
3.34353e-05
0.00462552
0.00612386
5.01163e-05
0.00458864
0.00577642
5.34834e-05
0.00456299
0.00560067
4.13106e-05
0.0045406
0.00562108
3.71704e-05
0.00451115
0.00572484
4.14803e-05
0.00447596
0.00578604
4.56388e-05
0.00444148
0.00576296
4.09698e-05
0.00441244
0.00566927
3.03036e-05
0.00439632
0.00553525
1.20881e-05
0.00439762
0.00536495
-8.85809e-06
0.00441473
0.00516092
-2.69092e-05
0.00444146
0.00493318
-3.67218e-05
0.00446966
0.00470361
-3.77347e-05
0.00449518
0.00448876
-3.44502e-05
0.00451783
0.00428364
-3.07027e-05
0.00453802
0.00408108
-2.72736e-05
0.0045561
0.0038805
-2.41507e-05
0.00457221
0.00368169
-2.15642e-05
0.00458655
0.00348451
-1.94114e-05
0.00459941
0.00328784
-1.72689e-05
0.00461091
0.00309201
-1.56632e-05
0.00462134
0.00289542
-1.39765e-05
0.00463073
0.00270043
-1.28192e-05
0.00463913
0.00250446
-1.13224e-05
0.0046467
0.00230808
-1.06065e-05
0.00465359
0.00211148
-9.80094e-06
0.00466017
0.00191505
-9.20177e-06
0.00466667
0.00172245
-9.10263e-06
0.00467292
0.00153383
-8.78055e-06
0.0046789
0.00135015
-7.87055e-06
0.00468439
0.00117393
-7.26102e-06
0.00468916
0.001008
-6.08841e-06
0.00469306
0.00085559
-5.07455e-06
0.00469611
0.000718006
-4.02743e-06
0.00469846
0.000595698
-2.94789e-06
0.00470017
0.000488274
-2.19331e-06
0.00470129
0.000395852
-1.38129e-06
0.00470205
0.000316716
-8.72485e-07
0.0047025
0.000250656
-5.43728e-07
0.00470276
0.000195049
-2.21378e-07
0.00470282
0.000151021
-3.22649e-08
0.00470287
0.00011338
2.77471e-08
8.75654e-05
1.3562e-07
0.00464108
0.00608132
-7.30847e-06
0.00466562
0.00614853
-2.76102e-05
0.00468077
0.00623961
-1.90416e-05
0.00469647
0.00642741
-2.1789e-05
0.0046982
0.00654932
-5.33849e-06
0.00468773
0.00657481
1.13247e-05
0.00466204
0.00644994
3.192e-05
0.00462553
0.00612379
5.06742e-05
0.00458861
0.00577591
5.50306e-05
0.00456298
0.00560103
4.21714e-05
0.00454061
0.00562122
3.7431e-05
0.00451117
0.00572478
4.15562e-05
0.00447594
0.00578624
4.57035e-05
0.00444145
0.00576321
4.12431e-05
0.0044124
0.0056693
3.11935e-05
0.00439629
0.00553523
1.35323e-05
0.00439759
0.00536481
-6.86587e-06
0.00441474
0.00516048
-2.42841e-05
0.00444149
0.00493232
-3.37051e-05
0.0044696
0.00470274
-3.43895e-05
0.00449512
0.0044876
-3.04823e-05
0.0045178
0.00428221
-2.6557e-05
0.00453802
0.00407954
-2.30914e-05
0.00455612
0.00387887
-1.9958e-05
0.00457224
0.00367998
-1.73001e-05
0.00458657
0.00348275
-1.5002e-05
0.00459944
0.00328593
-1.27372e-05
0.00461095
0.00309003
-1.09477e-05
0.00462137
0.00289325
-9.12473e-06
0.00463075
0.00269813
-7.68441e-06
0.00463915
0.00250194
-5.99612e-06
0.0046467
0.00230542
-4.93677e-06
0.00465356
0.00210868
-3.88953e-06
0.00466014
0.00191195
-2.81932e-06
0.00466671
0.00171882
-1.89837e-06
0.00467302
0.00152975
-1.11635e-06
0.00467901
0.00134584
-3.32794e-07
0.00468449
0.00116959
3.09938e-08
0.00468925
0.00100362
8.81516e-07
0.00469314
0.000851307
1.62397e-06
0.00469619
0.00071382
2.28284e-06
0.00469852
0.000591692
2.88161e-06
0.00470023
0.000484563
3.08187e-06
0.00470134
0.000392453
3.30188e-06
0.00470209
0.000313657
3.20786e-06
0.00470253
0.000248004
2.90715e-06
0.00470278
0.00019277
2.65081e-06
0.00470284
0.000149142
2.29377e-06
0.00470289
0.000111843
1.86803e-06
8.62239e-05
1.70485e-06
0.0046411
-7.33293e-06
0.00466561
-2.76442e-05
0.00468074
-1.85403e-05
0.00469651
-2.22141e-05
0.00469819
-5.99841e-06
0.00468774
1.18429e-05
0.00466203
3.4107e-05
0.0046254
5.01922e-05
0.00458843
5.28531e-05
0.00456279
4.23419e-05
0.00454052
3.87658e-05
0.00451112
4.25348e-05
0.00447584
4.65066e-05
0.00444137
4.22652e-05
0.00441237
3.24167e-05
0.00439625
1.51983e-05
0.00439754
-4.69875e-06
0.00441468
-2.20096e-05
0.00444146
-3.16999e-05
0.00446968
-3.25198e-05
0.00449526
-2.85761e-05
0.00451795
-2.49189e-05
0.00453816
-2.16104e-05
0.00455624
-1.86354e-05
0.00457235
-1.60623e-05
0.00458667
-1.39386e-05
0.00459952
-1.17434e-05
0.00461102
-1.01792e-05
0.00462144
-8.4878e-06
0.00463081
-7.21777e-06
0.0046392
-5.62759e-06
0.00464673
-4.70574e-06
0.00465361
-3.72827e-06
0.00466025
-2.82966e-06
0.00466688
-2.05661e-06
0.00467318
-1.64391e-06
0.00467912
-1.07703e-06
0.00468455
-1.01771e-06
0.00468929
-3.62526e-07
0.00469317
2.0659e-07
0.00469621
7.56121e-07
0.00469854
1.27775e-06
0.00470023
1.53996e-06
0.00470133
1.75493e-06
0.00470207
1.69276e-06
0.00470251
1.41554e-06
0.00470277
1.364e-06
0.00470282
1.15014e-06
0.00470287
9.79524e-07
9.41866e-07
0.00771852
0.00989711
-4.82754e-07
0.00771153
0.00991841
-2.03789e-05
0.00774097
0.00966448
-4.90543e-05
0.00779499
0.009479
-7.6075e-05
0.00783594
0.00939979
-4.51489e-05
0.00784756
0.00943808
-7.32767e-07
0.00783208
0.00961549
4.71325e-05
0.00781127
0.00988937
7.06635e-05
0.0077907
0.0101617
7.49475e-05
0.00775163
0.0103083
8.18165e-05
0.00769292
0.0102594
9.74261e-05
0.00762896
0.01004
0.000106905
0.00757052
0.00973307
0.000106017
0.00752326
0.00940356
9.09742e-05
0.00748869
0.00909966
6.87566e-05
0.00746824
0.00882353
3.74441e-05
0.00746462
0.00855319
2.92977e-07
0.00747618
0.00827038
-3.31266e-05
0.00749882
0.00796224
-5.43541e-05
0.00752728
0.00764273
-6.14796e-05
0.00755714
0.0073271
-5.93996e-05
0.00758505
0.00701996
-5.42839e-05
0.00761033
0.00671692
-4.82981e-05
0.00763276
0.00641686
-4.24699e-05
0.00765249
0.00612094
-3.72726e-05
0.00766969
0.00582825
-3.31208e-05
0.00768498
0.00553677
-2.87145e-05
0.00769831
0.00524627
-2.58346e-05
0.00771034
0.00495494
-2.25505e-05
0.00772113
0.00466646
-2.06612e-05
0.00773056
0.00437507
-1.77125e-05
0.00773877
0.00408217
-1.61863e-05
0.00774604
0.00378629
-1.42079e-05
0.00775334
0.00348231
-1.39104e-05
0.00776157
0.00317521
-1.47561e-05
0.00776979
0.00286496
-1.57878e-05
0.00777828
0.00255469
-1.5763e-05
0.00778676
0.00225295
-1.66171e-05
0.00779468
0.0019631
-1.56435e-05
0.00780138
0.00169044
-1.45014e-05
0.00780689
0.00143987
-1.3002e-05
0.00781133
0.00121165
-1.14097e-05
0.00781475
0.00100741
-9.79721e-06
0.00781693
0.000828514
-8.03619e-06
0.00781847
0.000671904
-6.47678e-06
0.00781941
0.00053992
-5.61486e-06
0.00782005
0.000425801
-4.6065e-06
0.0078201
0.000335056
-3.65882e-06
0.00782022
0.000254363
-3.01617e-06
0.000199767
-2.06725e-06
0.00771855
0.00989708
-4.54438e-07
0.00771156
0.00991854
-2.067e-05
0.00774091
0.00966358
-4.7559e-05
0.00779484
0.00947944
-7.64753e-05
0.0078359
0.00940066
-4.74972e-05
0.0078478
0.00943771
4.03248e-07
0.00783202
0.00961425
4.91236e-05
0.00781092
0.00988945
7.08858e-05
0.00779036
0.0101623
7.39452e-05
0.00775157
0.0103083
8.01826e-05
0.0076932
0.0102589
9.58646e-05
0.00762954
0.0100394
0.000105608
0.0075711
0.0097328
0.000104459
0.00752374
0.00940376
8.79441e-05
0.00748903
0.00910009
6.41071e-05
0.00746854
0.00882457
3.08131e-05
0.00746493
0.00855456
-7.40057e-06
0.0074764
0.00827143
-4.06131e-05
0.00749883
0.00796302
-6.14883e-05
0.00752728
0.00764374
-6.87919e-05
0.00755715
0.00732817
-6.70166e-05
0.00758511
0.00702105
-6.19312e-05
0.00761039
0.006718
-5.59631e-05
0.0076328
0.00641807
-5.00771e-05
0.00765248
0.00612224
-4.49072e-05
0.00766969
0.00582979
-4.08139e-05
0.00768494
0.00553838
-3.67384e-05
0.00769826
0.00524796
-3.3608e-05
0.00771026
0.00495689
-3.08852e-05
0.00772105
0.00466867
-2.91657e-05
0.00773044
0.00437757
-2.66499e-05
0.00773874
0.00408514
-2.58104e-05
0.00774604
0.00378949
-2.43498e-05
0.00775328
0.00348601
-2.42996e-05
0.00776142
0.00317935
-2.57713e-05
0.00776959
0.0028695
-2.65902e-05
0.007778
0.00255964
-2.62144e-05
0.00778648
0.00225832
-2.62791e-05
0.00779437
0.0019687
-2.45689e-05
0.00780108
0.00169619
-2.25514e-05
0.0078066
0.00144571
-2.02401e-05
0.00781105
0.00121728
-1.75883e-05
0.00781452
0.00101276
-1.52088e-05
0.00781675
0.000833373
-1.23352e-05
0.00781833
0.000676311
-1.02738e-05
0.0078193
0.000543587
-8.27966e-06
0.00781998
0.000428839
-6.51919e-06
0.00782006
0.000337527
-4.84181e-06
0.00782016
0.000256386
-3.87307e-06
0.000201819
-2.74655e-06
0.00771846
0.00989709
-4.29707e-07
0.00771164
0.00991863
-2.10548e-05
0.00774107
0.0096638
-4.80309e-05
0.00779496
0.00947878
-7.5309e-05
0.00783574
0.00940065
-4.67339e-05
0.0078476
0.0094384
-1.31264e-06
0.00783217
0.00961473
4.83143e-05
0.00781119
0.00988869
7.18379e-05
0.00779034
0.0101617
7.47277e-05
0.00775151
0.0103084
7.98761e-05
0.00769329
0.0102595
9.49002e-05
0.00762969
0.0100402
0.000104483
0.00757125
0.0097332
0.000103874
0.00752382
0.00940385
8.84105e-05
0.00748916
0.0091002
6.49798e-05
0.00746871
0.00882485
3.24082e-05
0.00746506
0.00855501
-5.46222e-06
0.00747647
0.00827208
-3.88e-05
0.00749883
0.00796381
-5.97217e-05
0.00752736
0.0076447
-6.70813e-05
0.00755729
0.00732879
-6.49365e-05
0.00758518
0.00702205
-5.95975e-05
0.0076104
0.00671914
-5.3623e-05
0.00763276
0.00641933
-4.76683e-05
0.00765242
0.00612358
-4.24842e-05
0.00766963
0.00583137
-3.81061e-05
0.00768487
0.00553995
-3.39519e-05
0.00769818
0.00524978
-3.06201e-05
0.00771016
0.00495867
-2.75267e-05
0.00772097
0.00467079
-2.55157e-05
0.0077303
0.00437966
-2.25845e-05
0.00773855
0.00408778
-2.14332e-05
0.00774584
0.00379239
-1.9993e-05
0.00775302
0.00348905
-1.93037e-05
0.00776112
0.00318258
-2.02761e-05
0.00776936
0.00287307
-2.03977e-05
0.00777785
0.00256307
-1.95932e-05
0.00778639
0.0022618
-1.90792e-05
0.00779432
0.00197187
-1.70679e-05
0.00780109
0.00169921
-1.47798e-05
0.00780667
0.00144829
-1.21534e-05
0.00781117
0.00121938
-9.46341e-06
0.00781467
0.00101442
-7.26343e-06
0.00781692
0.0008346
-4.79002e-06
0.00781851
0.000677136
-3.24675e-06
0.00781951
0.000544099
-2.02745e-06
0.00782016
0.000429066
-1.08659e-06
0.00782022
0.000337604
-1.70369e-07
0.00782031
0.000256303
2.97495e-09
0.000201761
7.19801e-07
0.00771855
0.0098971
-4.84568e-07
0.00771151
0.00991858
-2.05625e-05
0.00774088
0.00966391
-4.85514e-05
0.00779498
0.00947922
-7.63771e-05
0.00783603
0.00940045
-4.62152e-05
0.0078477
0.00943811
-1.61428e-07
0.00783186
0.0096142
4.82152e-05
0.00781098
0.00988912
7.11295e-05
0.00779043
0.0101619
7.52684e-05
0.00775163
0.0103078
8.16076e-05
0.00769321
0.0102587
9.68263e-05
0.00762959
0.0100396
0.00010608
0.0075712
0.00973244
0.000105254
0.00752373
0.00940313
8.97447e-05
0.00748898
0.00909988
6.67408e-05
0.00746845
0.00882493
3.44981e-05
0.00746488
0.00855535
-2.90215e-06
0.00747629
0.00827291
-3.5888e-05
0.00749871
0.00796483
-5.62946e-05
0.00752722
0.00764564
-6.31902e-05
0.0075572
0.00732982
-6.05449e-05
0.0075851
0.00702304
-5.49143e-05
0.00761034
0.0067203
-4.87184e-05
0.00763271
0.00642042
-4.25494e-05
0.0076524
0.00612474
-3.69691e-05
0.00766959
0.00583228
-3.24582e-05
0.00768486
0.00554105
-2.78024e-05
0.00769816
0.00525065
-2.4463e-05
0.00771016
0.00495972
-2.08083e-05
0.00772092
0.0046716
-1.85136e-05
0.00773031
0.00438056
-1.49745e-05
0.00773846
0.00408836
-1.29562e-05
0.00774572
0.00379304
-1.08576e-05
0.00775294
0.00348929
-9.25338e-06
0.00776114
0.00318249
-8.51268e-06
0.00776943
0.00287218
-7.79025e-06
0.00777806
0.00256168
-6.24564e-06
0.00778663
0.00225943
-5.5391e-06
0.00779459
0.00196889
-3.13109e-06
0.0078014
0.00169548
-9.82811e-07
0.00780704
0.00144399
1.41631e-06
0.00781153
0.00121476
3.46085e-06
0.007815
0.00100987
4.57682e-06
0.00781721
0.000830084
5.86205e-06
0.00781878
0.000672779
6.36628e-06
0.00781972
0.000539999
6.057e-06
0.00782032
0.000425554
5.7949e-06
0.00782034
0.000334561
5.22386e-06
0.00782045
0.000253922
4.31359e-06
0.00019936
4.32686e-06
0.00771849
-4.4889e-07
0.00771164
-2.10442e-05
0.00774106
-4.77932e-05
0.0077948
-7.5451e-05
0.00783584
-4.75716e-05
0.00784772
-4.8769e-07
0.00783213
4.93269e-05
0.00781121
7.14381e-05
0.00779046
7.45648e-05
0.00775159
8.09981e-05
0.00769328
9.62434e-05
0.00762953
0.00010566
0.0075709
0.000104563
0.00752337
8.89221e-05
0.00748872
6.63109e-05
0.00746834
3.54957e-05
0.00746475
-2.54516e-07
0.00747616
-3.23324e-05
0.00749873
-5.31483e-05
0.00752726
-5.96243e-05
0.0075572
-5.70831e-05
0.00758512
-5.13638e-05
0.00761036
-4.51317e-05
0.00763278
-3.89094e-05
0.00765245
-3.33243e-05
0.00766967
-2.8622e-05
0.0076849
-2.40639e-05
0.00769826
-2.05831e-05
0.00771026
-1.70142e-05
0.00772106
-1.43225e-05
0.00773043
-1.07872e-05
0.00773861
-8.41487e-06
0.00774585
-6.12977e-06
0.00775315
-4.54614e-06
0.00776137
-4.05753e-06
0.00776972
-3.61173e-06
0.00777829
-2.75919e-06
0.00778687
-2.73755e-06
0.00779479
-1.42677e-06
0.00780156
-5.74037e-08
0.00780716
1.24165e-06
0.00781163
2.42982e-06
0.00781504
3.28807e-06
0.0078172
3.98388e-06
0.00781873
3.63316e-06
0.0078197
2.89019e-06
0.00782027
2.89289e-06
0.00782031
2.65134e-06
0.00782038
2.30303e-06
2.4802e-06
0.0110349
0.0137862
-0.000219624
0.0110702
0.0140941
-5.60272e-05
0.0110441
0.0147775
-2.29961e-05
0.0109721
0.0154841
-3.94741e-06
0.0109015
0.0159415
2.5422e-05
0.0108398
0.0159783
6.07939e-05
0.0107873
0.0155396
9.93379e-05
0.0107417
0.0148066
0.000115818
0.0107147
0.0140243
0.000101748
0.0107173
0.0133316
7.89617e-05
0.0107525
0.0128078
6.11566e-05
0.0108124
0.0124201
4.53446e-05
0.0108739
0.0121511
4.25336e-05
0.010916
0.0119392
4.63125e-05
0.0109311
0.011731
5.07413e-05
0.0109227
0.0114677
4.26743e-05
0.0109018
0.0111251
1.81224e-05
0.0108794
0.0107395
-1.32206e-05
0.0108617
0.0103376
-3.78971e-05
0.0108503
0.00995164
-5.10512e-05
0.0108447
0.00957932
-5.44251e-05
0.0108426
0.00921855
-5.26091e-05
0.0108425
0.00886424
-4.84155e-05
0.0108432
0.00851347
-4.31047e-05
0.0108444
0.00816474
-3.81935e-05
0.0108455
0.00781811
-3.39317e-05
0.0108465
0.00747173
-2.92314e-05
0.0108475
0.00712562
-2.56696e-05
0.0108487
0.00677907
-2.241e-05
0.0108492
0.00643533
-1.97864e-05
0.0108496
0.00608546
-1.66236e-05
0.0108497
0.00573119
-1.48703e-05
0.0108488
0.00537455
-1.1565e-05
0.0108496
0.0050012
-1.22583e-05
0.0108516
0.00461571
-1.42791e-05
0.0108528
0.00421704
-1.44402e-05
0.0108558
0.00380657
-1.60044e-05
0.0108597
0.00340538
-1.82858e-05
0.0108634
0.0030102
-1.76388e-05
0.0108669
0.00262759
-1.71678e-05
0.01087
0.00226934
-1.56905e-05
0.0108729
0.00193548
-1.46097e-05
0.0108753
0.00163069
-1.28958e-05
0.0108766
0.00135939
-1.0197e-05
0.0108776
0.00111496
-7.82904e-06
0.0108783
0.000908474
-6.58732e-06
0.010879
0.000723983
-6.08838e-06
0.0108789
0.00057886
-4.57083e-06
0.0108791
0.000442233
-4.60202e-06
0.000354375
-2.12699e-06
0.0110349
0.0137862
-0.000219848
0.0110701
0.0140938
-5.56805e-05
0.0110441
0.0147778
-2.19362e-05
0.0109721
0.0154844
-4.85159e-06
0.0109014
0.015941
2.36701e-05
0.0108398
0.0159783
6.19181e-05
0.0107874
0.0155395
0.000101524
0.0107417
0.0148065
0.000116585
0.0107146
0.0140245
0.000100545
0.0107172
0.0133313
7.76743e-05
0.0107523
0.0128076
6.08425e-05
0.010812
0.0124196
4.62842e-05
0.0108734
0.0121501
4.39656e-05
0.0109158
0.0119377
4.69184e-05
0.0109313
0.0117292
5.021e-05
0.0109232
0.0114652
4.14375e-05
0.0109024
0.0111217
1.67376e-05
0.0108799
0.0107359
-1.46174e-05
0.010862
0.0103342
-4.0223e-05
0.0108504
0.00994848
-5.42403e-05
0.0108448
0.00957614
-5.84399e-05
0.0108427
0.00921538
-5.70228e-05
0.0108425
0.00886129
-5.32635e-05
0.0108433
0.00851053
-4.82489e-05
0.0108444
0.00816165
-4.3353e-05
0.0108455
0.00781517
-3.93902e-05
0.0108466
0.00746868
-3.50792e-05
0.0108476
0.00712287
-3.21398e-05
0.0108488
0.00677633
-2.95814e-05
0.0108493
0.00643259
-2.71566e-05
0.0108496
0.00608257
-2.43656e-05
0.0108499
0.00572848
-2.38897e-05
0.010849
0.0053721
-2.16156e-05
0.0108496
0.00499892
-2.31595e-05
0.0108515
0.00461354
-2.58332e-05
0.0108526
0.00421514
-2.61188e-05
0.0108554
0.00380528
-2.7861e-05
0.0108591
0.00340464
-2.94303e-05
0.0108628
0.00300985
-2.81108e-05
0.0108663
0.00262779
-2.64744e-05
0.0108692
0.00227022
-2.43319e-05
0.0108721
0.0019366
-2.17292e-05
0.0108747
0.00163202
-1.91923e-05
0.0108759
0.00136067
-1.49157e-05
0.0108771
0.00111662
-1.31538e-05
0.0108779
0.000909625
-1.02886e-05
0.0108787
0.00072468
-8.07604e-06
0.0108786
0.000579184
-5.17204e-06
0.0108789
0.00044237
-4.32131e-06
0.000355366
-2.22524e-06
0.011035
0.0137864
-0.000220053
0.0110701
0.0140937
-5.59782e-05
0.011044
0.0147778
-2.19451e-05
0.0109722
0.0154846
-3.81461e-06
0.0109015
0.0159413
2.36314e-05
0.0108397
0.0159781
6.06227e-05
0.0107872
0.0155393
0.000100786
0.0107417
0.0148066
0.000117223
0.0107146
0.0140247
0.000101344
0.0107173
0.0133309
7.75062e-05
0.0107523
0.0128072
6.02002e-05
0.0108123
0.0124191
4.50176e-05
0.0108738
0.0121494
4.31242e-05
0.0109161
0.011937
4.67404e-05
0.0109315
0.0117288
5.0002e-05
0.0109231
0.0114648
4.11429e-05
0.0109023
0.0111209
1.62672e-05
0.0108799
0.0107345
-1.51447e-05
0.010862
0.0103329
-4.0439e-05
0.0108505
0.00994692
-5.41352e-05
0.0108449
0.00957481
-5.7993e-05
0.0108427
0.00921419
-5.66162e-05
0.0108426
0.00886043
-5.27739e-05
0.0108432
0.00850996
-4.80017e-05
0.0108444
0.00816138
-4.3288e-05
0.0108454
0.00781496
-3.93341e-05
0.0108465
0.00746863
-3.48091e-05
0.0108474
0.00712316
-3.2199e-05
0.0108486
0.00677697
-2.90219e-05
0.010849
0.00643323
-2.6907e-05
0.0108491
0.0060833
-2.32527e-05
0.0108495
0.00572946
-2.31571e-05
0.0108486
0.00537358
-2.08474e-05
0.0108491
0.00500103
-2.21284e-05
0.0108509
0.00461614
-2.43905e-05
0.010852
0.00421826
-2.49811e-05
0.010855
0.0038091
-2.59372e-05
0.0108587
0.00340862
-2.70234e-05
0.0108625
0.00301417
-2.4949e-05
0.0108662
0.00263181
-2.26883e-05
0.0108694
0.00227414
-1.93104e-05
0.0108723
0.00193999
-1.58342e-05
0.010875
0.00163475
-1.25674e-05
0.0108764
0.00136277
-8.3202e-06
0.0108777
0.00111824
-5.98599e-06
0.0108786
0.000910836
-4.29195e-06
0.0108793
0.000725647
-2.58641e-06
0.0108791
0.000579753
-7.99215e-07
0.0108793
0.000442722
-3.82539e-07
0.000355512
1.45918e-06
0.0110349
0.0137863
-0.000219732
0.0110703
0.0140938
-5.60452e-05
0.011044
0.0147776
-2.21939e-05
0.0109719
0.0154844
-4.16144e-06
0.0109015
0.0159417
2.36962e-05
0.01084
0.0159779
6.14342e-05
0.0107874
0.0155389
0.000101054
0.0107415
0.0148064
0.000117029
0.0107145
0.0140249
0.000101707
0.0107172
0.0133316
7.78198e-05
0.0107522
0.0128073
6.14256e-05
0.0108121
0.0124191
4.60552e-05
0.0108736
0.0121494
4.35324e-05
0.0109159
0.0119368
4.71831e-05
0.0109314
0.0117279
5.17491e-05
0.0109232
0.0114633
4.37113e-05
0.0109023
0.0111195
1.87956e-05
0.0108798
0.0107337
-1.31453e-05
0.0108619
0.0103331
-3.92825e-05
0.0108503
0.00994763
-5.3071e-05
0.0108448
0.00957587
-5.69659e-05
0.0108426
0.00921566
-5.52773e-05
0.0108424
0.00886197
-5.11637e-05
0.0108431
0.00851173
-4.5981e-05
0.0108442
0.00816331
-4.11629e-05
0.0108452
0.00781724
-3.69121e-05
0.0108463
0.00747106
-3.25002e-05
0.0108473
0.00712603
-2.9455e-05
0.0108483
0.00678004
-2.6131e-05
0.0108488
0.00643677
-2.36556e-05
0.0108489
0.00608699
-2.00579e-05
0.0108491
0.00573326
-1.83862e-05
0.0108483
0.0053775
-1.55711e-05
0.0108489
0.00500543
-1.55505e-05
0.0108507
0.00462036
-1.59334e-05
0.010852
0.00422254
-1.45742e-05
0.0108552
0.00381293
-1.43589e-05
0.0108592
0.00341187
-1.38138e-05
0.010863
0.00301646
-1.02464e-05
0.010867
0.00263313
-7.23449e-06
0.0108704
0.00227422
-2.98507e-06
0.0108735
0.00193927
6.049e-07
0.0108761
0.00163384
2.40619e-06
0.0108774
0.00136146
5.54994e-06
0.0108786
0.00111611
7.06767e-06
0.0108794
0.000908547
7.38691e-06
0.0108799
0.000723625
7.18092e-06
0.0108796
0.00057813
6.98111e-06
0.0108797
0.00044156
5.33603e-06
0.000353787
6.38695e-06
0.0110349
-0.000219987
0.0110702
-5.6244e-05
0.0110442
-2.17172e-05
0.0109721
-3.34475e-06
0.0109012
2.33155e-05
0.0108398
6.02516e-05
0.0107875
0.000100861
0.0107417
0.000117134
0.0107146
0.000101755
0.0107172
7.78831e-05
0.0107525
6.11343e-05
0.0108124
4.59639e-05
0.0108739
4.3077e-05
0.0109163
4.5913e-05
0.0109317
4.99449e-05
0.0109231
4.18894e-05
0.0109019
1.74416e-05
0.0108793
-1.40331e-05
0.0108614
-3.94678e-05
0.01085
-5.26434e-05
0.0108446
-5.59706e-05
0.0108426
-5.37938e-05
0.0108424
-4.89544e-05
0.0108431
-4.33361e-05
0.0108442
-3.78601e-05
0.0108452
-3.31078e-05
0.0108463
-2.80389e-05
0.0108473
-2.46162e-05
0.0108484
-2.00604e-05
0.0108488
-1.70057e-05
0.0108491
-1.27025e-05
0.0108492
-1.06679e-05
0.0108485
-6.87516e-06
0.0108492
-5.7868e-06
0.0108512
-5.55601e-06
0.0108525
-4.37899e-06
0.0108556
-3.68907e-06
0.0108597
-4.39743e-06
0.0108635
-2.07428e-06
0.0108673
-9.05557e-07
0.0108708
9.32846e-07
0.0108738
2.56139e-06
0.0108763
4.04287e-06
0.0108774
5.33858e-06
0.0108785
3.83203e-06
0.0108794
1.84309e-06
0.0108798
2.86568e-06
0.0108796
2.79722e-06
0.0108795
2.97155e-06
3.07528e-06
0.013686
0.017358
0.0136295
0.0159682
0.0136071
0.0143321
0.0136039
0.0128814
0.0136282
0.0117995
0.0136883
0.0110952
0.0137883
0.0107789
0.0139054
0.0106735
0.0140073
0.0107218
0.0140851
0.0107641
0.0141458
0.0107674
0.0141914
0.0106937
0.0142342
0.0105407
0.0142805
0.0103421
0.0143308
0.0101228
0.014373
0.00992729
0.0143903
0.00979104
0.0143757
0.00969186
0.0143352
0.00960362
0.0142814
0.00948747
0.0142241
0.00933633
0.0141686
0.00915176
0.0141171
0.00893941
0.014071
0.00870859
0.0140297
0.00846409
0.0139925
0.00821083
0.01396
0.00795032
0.0139305
0.00768246
0.0139045
0.00740764
0.0138809
0.00711885
0.0138605
0.00682438
0.0138416
0.00651687
0.0138255
0.00619416
0.0138089
0.00585514
0.0137912
0.00548857
0.0137739
0.00510519
0.0137561
0.00470221
0.013737
0.00428709
0.01372
0.00386759
0.0137044
0.00344689
0.0136915
0.00303608
0.0136809
0.00264178
0.0136723
0.00226641
0.013667
0.00192625
0.0136636
0.00160537
0.013662
0.00133324
0.0136608
0.00107366
0.0136608
0.000878924
0.0136604
0.000672461
0.000555011
0.0136862
0.0173578
0.0136301
0.0159686
0.0136073
0.014333
0.0136033
0.0128806
0.0136279
0.0117985
0.0136889
0.0110961
0.0137889
0.0107804
0.0139051
0.0106737
0.0140067
0.0107206
0.0140846
0.0107638
0.0141454
0.0107674
0.0141911
0.0106942
0.0142343
0.0105414
0.0142805
0.0103428
0.0143305
0.010123
0.0143721
0.009927
0.0143894
0.00979044
0.0143755
0.00969109
0.014336
0.00960278
0.0142825
0.00948653
0.0142251
0.00933516
0.0141693
0.00915029
0.0141176
0.00893753
0.0140713
0.00870641
0.01403
0.00846185
0.0139928
0.0082083
0.0139605
0.00794744
0.013931
0.00767951
0.0139048
0.00740413
0.0138814
0.00711487
0.0138614
0.00681972
0.0138424
0.00651162
0.0138266
0.00618804
0.01381
0.00584825
0.0137921
0.00548042
0.0137746
0.00509636
0.0137562
0.00469266
0.0137366
0.00427698
0.0137192
0.00385678
0.0137035
0.00343595
0.0136903
0.00302481
0.0136795
0.00263069
0.0136711
0.00225559
0.0136663
0.00191608
0.0136622
0.00159627
0.0136599
0.00132523
0.0136586
0.00106683
0.013659
0.000873292
0.0136593
0.0006678
0.000552088
0.0136858
0.0173577
0.0136303
0.0159681
0.0136078
0.0143334
0.013603
0.0128815
0.0136273
0.0117978
0.013689
0.0110949
0.0137894
0.0107807
0.0139054
0.0106748
0.0140065
0.0107206
0.0140846
0.0107631
0.0141455
0.0107666
0.014191
0.0106937
0.0142342
0.0105412
0.0142807
0.0103427
0.014331
0.0101226
0.0143726
0.00992633
0.0143895
0.00978958
0.0143752
0.00968998
0.0143357
0.0096015
0.0142824
0.00948535
0.0142252
0.00933396
0.0141696
0.00914889
0.014118
0.00893579
0.0140717
0.00870433
0.0140303
0.00845943
0.013993
0.00820575
0.0139604
0.00794472
0.013931
0.00767625
0.0139049
0.00740072
0.0138813
0.00711105
0.0138615
0.00681571
0.0138422
0.00650704
0.0138261
0.00618261
0.0138097
0.00584203
0.0137915
0.00547357
0.0137736
0.00508883
0.0137552
0.00468463
0.0137359
0.00426877
0.0137183
0.00384891
0.0137029
0.00342824
0.0136902
0.00301783
0.0136799
0.00262484
0.0136721
0.00225063
0.0136676
0.00191214
0.0136647
0.00159303
0.0136623
0.00132326
0.0136609
0.0010655
0.0136608
0.000872603
0.0136604
0.000667718
0.000552113
0.0136857
0.017358
0.01363
0.0159678
0.0136083
0.0143329
0.0136035
0.0128821
0.0136268
0.0117981
0.0136883
0.0110947
0.0137896
0.0107804
0.013906
0.0106754
0.0140065
0.0107216
0.0140843
0.0107629
0.0141454
0.0107668
0.0141909
0.0106941
0.0142338
0.0105416
0.0142802
0.0103432
0.0143307
0.0101236
0.0143727
0.0099276
0.0143899
0.00979084
0.0143753
0.00969097
0.0143356
0.00960152
0.0142821
0.00948514
0.014225
0.00933357
0.0141693
0.00914857
0.0141178
0.00893546
0.0140715
0.00870398
0.0140301
0.00845897
0.0139929
0.0082052
0.0139603
0.00794415
0.0139309
0.0076754
0.0139049
0.00739984
0.0138812
0.00711023
0.0138612
0.0068149
0.0138422
0.00650669
0.013826
0.00618233
0.0138095
0.00584204
0.0137915
0.00547482
0.0137739
0.00509092
0.0137557
0.00468786
0.0137366
0.00427323
0.0137196
0.00385502
0.0137043
0.00343566
0.0136922
0.00302638
0.0136829
0.00263437
0.0136755
0.00226019
0.013671
0.00192192
0.0136678
0.00160313
0.0136648
0.00133344
0.0136632
0.00107425
0.0136626
0.000880116
0.0136619
0.000673703
0.000556434
0.0136857
0.0136295
0.0136079
0.0136044
0.0136273
0.0136875
0.0137889
0.0139063
0.0140072
0.0140845
0.0141452
0.0141909
0.0142341
0.0142806
0.0143309
0.0143729
0.01439
0.0143755
0.0143355
0.0142822
0.014225
0.0141694
0.0141178
0.0140714
0.0140298
0.0139926
0.01396
0.0139304
0.0139045
0.0138809
0.0138607
0.0138418
0.0138254
0.0138089
0.0137911
0.0137734
0.0137556
0.0137366
0.0137198
0.0137046
0.0136918
0.0136821
0.013675
0.0136706
0.0136674
0.0136641
0.0136625
0.0136617
0.0136615
)
;

boundaryField
{
    inlet
    {
        type            calculated;
        value           nonuniform List<scalar> 
25
(
-0.00154508
-0.00154508
-0.00154508
-0.00154508
-0.00154508
-0.00463525
-0.00463525
-0.00463525
-0.00463525
-0.00463525
-0.00772542
-0.00772542
-0.00772542
-0.00772542
-0.00772542
-0.0108156
-0.0108156
-0.0108156
-0.0108156
-0.0108156
-0.0139058
-0.0139058
-0.0139058
-0.0139058
-0.0139058
)
;
    }
    outlet
    {
        type            calculated;
        value           nonuniform List<scalar> 
25
(
0.00156783
0.00156783
0.00156784
0.00156783
0.00156783
0.00470268
0.00470266
0.00470274
0.0047028
0.00470277
0.00781959
0.0078194
0.00781976
0.00782012
0.00782005
0.0108779
0.0108773
0.0108782
0.0108792
0.0108792
0.0136611
0.01366
0.0136617
0.0136638
0.013663
)
;
    }
    side1
    {
        type            cyclicAMI;
        value           nonuniform List<scalar> 
250
(
-0.00255499
-0.00608133
-0.00989711
-0.0137864
-0.017358
-0.00250004
-0.00614853
-0.00991881
-0.0140937
-0.0159678
-0.00240933
-0.0062394
-0.00966369
-0.0147775
-0.0143327
-0.00232799
-0.00642759
-0.00947865
-0.0154843
-0.0128822
-0.0022769
-0.00654987
-0.00940087
-0.0159415
-0.0117985
-0.00224881
-0.00657439
-0.00943846
-0.0159784
-0.0110946
-0.00231259
-0.00644927
-0.00961445
-0.0155395
-0.0107797
-0.00241352
-0.00612366
-0.00988871
-0.0148063
-0.010675
-0.00248123
-0.0057771
-0.0101606
-0.0140245
-0.0107222
-0.00222203
-0.00560133
-0.0103077
-0.0133318
-0.0107633
-0.0020609
-0.00562021
-0.0102596
-0.012807
-0.0107671
-0.00206085
-0.00572395
-0.0100402
-0.0124187
-0.0106942
-0.00206693
-0.00578587
-0.00973305
-0.0121492
-0.0105413
-0.00204752
-0.00576296
-0.00940394
-0.011937
-0.0103424
-0.00200501
-0.00566877
-0.00910052
-0.0117285
-0.0101229
-0.00194852
-0.00553435
-0.00882486
-0.0114651
-0.0099272
-0.00187575
-0.00536351
-0.00855435
-0.0111226
-0.00979076
-0.00179652
-0.00515868
-0.00827163
-0.0107375
-0.009691
-0.00171454
-0.00493032
-0.00796346
-0.0103369
-0.00960156
-0.00163362
-0.00470058
-0.00764399
-0.00995137
-0.00948537
-0.00155367
-0.00448505
-0.00732803
-0.00957962
-0.0093342
-0.00147477
-0.00427958
-0.00702115
-0.00921921
-0.00914972
-0.00139711
-0.00407696
-0.00671812
-0.00886513
-0.00893732
-0.00132042
-0.00387632
-0.006418
-0.0085146
-0.00870646
-0.00124447
-0.00367744
-0.00612191
-0.00816612
-0.00846191
-0.00116918
-0.00348014
-0.0058294
-0.00781959
-0.0082086
-0.00109402
-0.00328332
-0.00553774
-0.00747342
-0.00794796
-0.00101923
-0.00308732
-0.00524742
-0.0071279
-0.00767967
-0.000944214
-0.00289054
-0.00495591
-0.00678148
-0.00740491
-0.000869778
-0.00269526
-0.00466766
-0.00643787
-0.00711607
-0.000795332
-0.00249904
-0.00437601
-0.00608805
-0.00682159
-0.000721597
-0.00230235
-0.00408348
-0.00573412
-0.00651403
-0.000649063
-0.00210556
-0.00378769
-0.00537793
-0.00619095
-0.000578104
-0.00190863
-0.00348341
-0.00500491
-0.00585194
-0.000509795
-0.00171511
-0.00317592
-0.0046194
-0.00548621
-0.000444855
-0.00152577
-0.00286554
-0.00422086
-0.0051034
-0.00038383
-0.00134196
-0.00255451
-0.00381029
-0.00470127
-0.00032713
-0.00116585
-0.00225237
-0.00340859
-0.0042872
-0.000275253
-0.00100011
-0.00196177
-0.00301287
-0.00386903
-0.000228898
-0.000847932
-0.00168874
-0.00262941
-0.00344936
-0.000188159
-0.000710704
-0.00143766
-0.00227054
-0.00303955
-0.000152857
-0.000588851
-0.00120901
-0.00193575
-0.00264632
-0.000122661
-0.000481995
-0.00100464
-0.0016304
-0.00227102
-9.73222e-05
-0.000390214
-0.000825659
-0.00135871
-0.00193142
-7.61912e-05
-0.000311791
-0.000669254
-0.00111486
-0.00161002
-5.89963e-05
-0.000246488
-0.000537526
-0.000908447
-0.00133842
-4.4917e-05
-0.000191524
-0.000423407
-0.000723317
-0.00107864
-3.40239e-05
-0.000148139
-0.000333004
-0.000577942
-0.000883687
-2.50054e-05
-0.000111035
-0.000252473
-0.000441018
-0.000676777
-1.88979e-05
-8.54807e-05
-0.000198104
-0.000353304
-0.000557923
)
;
    }
    side2
    {
        type            cyclicAMI;
        value           nonuniform List<scalar> 
250
(
0.00255499
0.00608133
0.00989711
0.0137864
0.017358
0.00250004
0.00614854
0.00991882
0.0140937
0.0159678
0.00240933
0.0062394
0.0096637
0.0147775
0.0143327
0.002328
0.0064276
0.00947866
0.0154843
0.0128822
0.0022769
0.00654987
0.00940088
0.0159416
0.0117985
0.00224881
0.00657439
0.00943847
0.0159784
0.0110946
0.00231259
0.00644927
0.00961446
0.0155395
0.0107797
0.00241353
0.00612366
0.00988872
0.0148063
0.010675
0.00248123
0.00577711
0.0101607
0.0140245
0.0107222
0.00222203
0.00560133
0.0103078
0.0133318
0.0107633
0.0020609
0.00562022
0.0102596
0.012807
0.0107672
0.00206085
0.00572395
0.0100403
0.0124187
0.0106942
0.00206693
0.00578588
0.00973306
0.0121492
0.0105413
0.00204752
0.00576297
0.00940394
0.011937
0.0103424
0.00200501
0.00566877
0.00910053
0.0117285
0.0101229
0.00194853
0.00553435
0.00882487
0.0114651
0.00992721
0.00187575
0.00536351
0.00855436
0.0111226
0.00979076
0.00179652
0.00515868
0.00827163
0.0107375
0.00969101
0.00171455
0.00493032
0.00796346
0.0103369
0.00960157
0.00163362
0.00470058
0.00764399
0.00995138
0.00948538
0.00155367
0.00448506
0.00732804
0.00957962
0.00933421
0.00147477
0.00427959
0.00702116
0.00921921
0.00914973
0.00139711
0.00407696
0.00671813
0.00886514
0.00893732
0.00132042
0.00387633
0.006418
0.0085146
0.00870647
0.00124448
0.00367745
0.00612191
0.00816613
0.00846191
0.00116918
0.00348015
0.0058294
0.00781959
0.0082086
0.00109402
0.00328332
0.00553774
0.00747343
0.00794797
0.00101923
0.00308733
0.00524743
0.0071279
0.00767968
0.000944215
0.00289055
0.00495592
0.00678149
0.00740491
0.000869779
0.00269526
0.00466767
0.00643787
0.00711608
0.000795332
0.00249904
0.00437601
0.00608806
0.0068216
0.000721597
0.00230235
0.00408348
0.00573413
0.00651403
0.000649063
0.00210556
0.00378769
0.00537793
0.00619096
0.000578104
0.00190864
0.00348342
0.00500491
0.00585194
0.000509795
0.00171511
0.00317592
0.0046194
0.00548621
0.000444856
0.00152577
0.00286554
0.00422087
0.0051034
0.000383831
0.00134196
0.00255452
0.00381029
0.00470127
0.00032713
0.00116585
0.00225237
0.00340859
0.0042872
0.000275253
0.00100011
0.00196177
0.00301287
0.00386903
0.000228898
0.000847933
0.00168874
0.00262941
0.00344937
0.000188159
0.000710705
0.00143766
0.00227055
0.00303955
0.000152857
0.000588851
0.00120901
0.00193575
0.00264632
0.000122661
0.000481996
0.00100464
0.0016304
0.00227102
9.73222e-05
0.000390214
0.00082566
0.00135872
0.00193142
7.61912e-05
0.000311791
0.000669255
0.00111486
0.00161002
5.89964e-05
0.000246489
0.000537527
0.000908448
0.00133842
4.49171e-05
0.000191524
0.000423408
0.000723318
0.00107864
3.40239e-05
0.000148139
0.000333005
0.000577943
0.000883688
2.50054e-05
0.000111035
0.000252473
0.000441018
0.000676778
1.8898e-05
8.54808e-05
0.000198104
0.000353304
0.000557923
)
;
    }
    walls
    {
        type            calculated;
        value           uniform 0;
    }
}


// ************************************************************************* //
