/*--------------------------------*- C++ -*----------------------------------*\
| =========                 |                                                 |
| \\      /  F ield         | OpenFOAM: The Open Source CFD Toolbox           |
|  \\    /   O peration     | Version:  v2006                                 |
|   \\  /    A nd           | Website:  www.openfoam.com                      |
|    \\/     M anipulation  |                                                 |
\*---------------------------------------------------------------------------*/
FoamFile
{
    version     2.0;
    format      ascii;
    class       volVectorField;
    location    "100";
    object      U;
}
// * * * * * * * * * * * * * * * * * * * * * * * * * * * * * * * * * * * * * //

dimensions      [0 1 -1 0 0 0 0];


internalField   nonuniform List<vector> 
1250
(
(0.999834 0.102655 0.0787543)
(1.00178 0.100203 0.0774043)
(1.00385 0.0942707 0.0777464)
(1.00667 0.0906356 0.075745)
(1.01107 0.0900169 0.0722164)
(1.01183 0.0923568 0.0665609)
(1.01012 0.09981 0.0617823)
(1.00293 0.105651 0.062429)
(0.992643 0.106459 0.0673585)
(0.983561 0.0957005 0.0596766)
(0.971653 0.0871789 0.0574729)
(0.963456 0.0863936 0.0585844)
(0.956034 0.0864457 0.059037)
(0.950301 0.0856264 0.0584869)
(0.947777 0.0839183 0.0571778)
(0.948648 0.0815868 0.0555243)
(0.95248 0.0784558 0.0535701)
(0.958007 0.0750048 0.0514936)
(0.964133 0.0714426 0.0493366)
(0.970073 0.0679637 0.0471507)
(0.975466 0.0645813 0.0449253)
(0.980201 0.0612601 0.0427017)
(0.984329 0.0579928 0.0405105)
(0.988002 0.0547706 0.0383444)
(0.991298 0.0515883 0.0361832)
(0.994192 0.0484387 0.0340322)
(0.996803 0.0452957 0.0318869)
(0.999137 0.0421782 0.029735)
(1.00123 0.0390505 0.0275812)
(1.00314 0.0359572 0.0254262)
(1.00485 0.0328576 0.0232825)
(1.00639 0.0298007 0.0211364)
(1.00775 0.0267903 0.0190299)
(1.00898 0.0238445 0.0169677)
(1.01013 0.021019 0.0149656)
(1.01112 0.0183449 0.0130539)
(1.01197 0.0158169 0.0112802)
(1.0127 0.0134753 0.00961827)
(1.01327 0.0113295 0.00810576)
(1.01373 0.0094196 0.00674155)
(1.01406 0.00774189 0.00554144)
(1.01429 0.00628602 0.00450677)
(1.01447 0.00504493 0.0036139)
(1.01457 0.00400165 0.00286876)
(1.01463 0.00313301 0.00224533)
(1.01468 0.00242736 0.00173556)
(1.0147 0.00184751 0.00132244)
(1.01471 0.00140053 0.000999603)
(1.01471 0.00102993 0.00073394)
(1.01472 0.000778956 0.000553415)
(0.999832 0.121965 0.0431808)
(1.00179 0.119216 0.0426507)
(1.00385 0.113688 0.0447961)
(1.00667 0.109607 0.0440397)
(1.01107 0.107905 0.0408587)
(1.01184 0.108412 0.0348011)
(1.01011 0.114072 0.0278317)
(1.00295 0.119726 0.0268858)
(0.992718 0.122165 0.0307058)
(0.983554 0.109445 0.0269492)
(0.971665 0.100667 0.0276914)
(0.963473 0.10024 0.0290263)
(0.956052 0.100447 0.0294176)
(0.950314 0.0995226 0.0291284)
(0.947779 0.0975116 0.0283998)
(0.948637 0.0948008 0.0275299)
(0.952457 0.0912377 0.0266317)
(0.957977 0.0873243 0.0257206)
(0.964099 0.0832736 0.0247721)
(0.970039 0.0792919 0.0237705)
(0.975437 0.0753927 0.0226983)
(0.980175 0.071546 0.0216067)
(0.984306 0.067763 0.0205315)
(0.987981 0.0640323 0.019467)
(0.991279 0.0603397 0.018393)
(0.994174 0.0566813 0.0173181)
(0.996786 0.0530334 0.0162477)
(0.999122 0.0494059 0.0151621)
(1.00122 0.0457702 0.0140792)
(1.00312 0.0421655 0.012983)
(1.00484 0.03856 0.0119018)
(1.00638 0.0349911 0.0108025)
(1.00774 0.0314814 0.00972566)
(1.00897 0.0280595 0.00866366)
(1.01013 0.0247772 0.00761193)
(1.01111 0.0216419 0.00662126)
(1.01197 0.0186758 0.00573902)
(1.0127 0.0159164 0.00490539)
(1.01326 0.0133959 0.00414681)
(1.01372 0.0111475 0.00344901)
(1.01405 0.00917169 0.00283281)
(1.01429 0.00745884 0.00230534)
(1.01447 0.00599227 0.0018449)
(1.01457 0.00476013 0.00146421)
(1.01463 0.00373163 0.00114469)
(1.01468 0.00289336 0.000882036)
(1.0147 0.00220596 0.000672364)
(1.01471 0.00167333 0.000506411)
(1.01471 0.00123208 0.000371145)
(1.01473 0.000932871 0.000278951)
(0.999833 0.129339 0.0033763)
(1.00179 0.12656 0.003723)
(1.00385 0.121968 0.0074771)
(1.00667 0.117849 0.00801528)
(1.01107 0.115266 0.00550464)
(1.01185 0.113843 -0.000425371)
(1.01012 0.117085 -0.00873072)
(1.00294 0.122186 -0.0115013)
(0.992746 0.125647 -0.00838355)
(0.983612 0.112562 -0.00803526)
(0.971712 0.104324 -0.00479487)
(0.963513 0.104291 -0.0034084)
(0.956083 0.10462 -0.00306847)
(0.95033 0.10367 -0.00302051)
(0.947774 0.101543 -0.00306602)
(0.94861 0.0987093 -0.00302947)
(0.952413 0.0950521 -0.00276127)
(0.957923 0.0910551 -0.0024057)
(0.964044 0.0869108 -0.00205144)
(0.969989 0.082816 -0.0017713)
(0.975394 0.078773 -0.00158406)
(0.980136 0.07478 -0.00142937)
(0.984271 0.0708511 -0.00127765)
(0.987949 0.0669738 -0.0011314)
(0.99125 0.0631317 -0.00100654)
(0.994148 0.0593226 -0.000892803)
(0.996763 0.0555236 -0.000777223)
(0.999101 0.0517406 -0.000683194)
(1.0012 0.0479494 -0.000583709)
(1.00311 0.0441857 -0.000507703)
(1.00482 0.0404237 -0.000418538)
(1.00636 0.0366929 -0.000361763)
(1.00773 0.0330248 -0.000303241)
(1.00896 0.0294424 -0.000250794)
(1.01011 0.0259979 -0.000218753)
(1.0111 0.0227194 -0.000176425)
(1.01196 0.0196228 -0.000116536)
(1.01269 0.0167329 -8.65984e-05)
(1.01326 0.0140924 -5.07639e-05)
(1.01372 0.0117321 -3.47818e-05)
(1.01405 0.00965691 -2.3303e-05)
(1.01429 0.00785828 -8.41803e-06)
(1.01447 0.00631537 -6.72718e-06)
(1.01457 0.00501941 -1.04367e-06)
(1.01464 0.00393637 4.74233e-07)
(1.01468 0.00305246 -1.68507e-06)
(1.0147 0.00232868 1.24045e-06)
(1.01471 0.00176651 -7.76014e-07)
(1.01472 0.00130099 -7.45218e-07)
(1.01473 0.000985458 -1.72426e-06)
(0.999835 0.124053 -0.0367578)
(1.00179 0.121517 -0.0355692)
(1.00385 0.118309 -0.0305794)
(1.00667 0.114556 -0.0287978)
(1.01107 0.111333 -0.0303693)
(1.01185 0.108143 -0.0355917)
(1.01012 0.108659 -0.0444961)
(1.00293 0.112671 -0.0487277)
(0.992765 0.116841 -0.0467122)
(0.9836 0.104598 -0.042218)
(0.971693 0.0977551 -0.0367787)
(0.963487 0.0981397 -0.0355022)
(0.956057 0.0985603 -0.0352465)
(0.950313 0.097674 -0.0348681)
(0.947774 0.0956372 -0.0342248)
(0.948631 0.0929554 -0.0332804)
(0.952451 0.0895557 -0.0318698)
(0.957971 0.085862 -0.0302834)
(0.964094 0.0820272 -0.0286622)
(0.970037 0.0782175 -0.0271297)
(0.975437 0.0744266 -0.0256975)
(0.980174 0.0706773 -0.0243116)
(0.984306 0.0669868 -0.0229484)
(0.987981 0.0633424 -0.0216058)
(0.991279 0.0597265 -0.0202944)
(0.994175 0.0561386 -0.0190032)
(0.996788 0.0525594 -0.0177127)
(0.999124 0.0489898 -0.0164478)
(1.00122 0.0454123 -0.0151749)
(1.00313 0.0418551 -0.0139331)
(1.00484 0.0383015 -0.0126805)
(1.00638 0.0347705 -0.0114694)
(1.00774 0.0313006 -0.0102734)
(1.00897 0.0279173 -0.00909317)
(1.01011 0.0246632 -0.0079549)
(1.0111 0.0215504 -0.00689923)
(1.01196 0.0186109 -0.00592381)
(1.0127 0.0158658 -0.00504682)
(1.01327 0.0133625 -0.00422707)
(1.01373 0.011123 -0.00350228)
(1.01406 0.00915447 -0.00286608)
(1.01429 0.00744934 -0.00231142)
(1.01447 0.00598489 -0.00184878)
(1.01457 0.00475578 -0.00145827)
(1.01464 0.00372817 -0.00113688)
(1.01468 0.00288926 -0.000879442)
(1.0147 0.0022036 -0.00066517)
(1.01471 0.00167049 -0.000504025)
(1.01471 0.00122947 -0.000369531)
(1.01473 0.000930469 -0.000279789)
(0.999837 0.106624 -0.0732936)
(1.00178 0.104575 -0.071379)
(1.00385 0.103075 -0.0656427)
(1.00667 0.100048 -0.062791)
(1.01107 0.0964997 -0.0632832)
(1.01184 0.0918346 -0.0672809)
(1.01015 0.0896562 -0.0758229)
(1.0029 0.09199 -0.0811969)
(0.992727 0.096711 -0.0805156)
(0.983587 0.0863686 -0.0724845)
(0.971674 0.0816004 -0.0651561)
(0.96347 0.0823888 -0.0640826)
(0.956042 0.0828541 -0.0639775)
(0.950304 0.0821063 -0.0633518)
(0.947775 0.0803518 -0.0621161)
(0.948641 0.0780761 -0.0603945)
(0.952469 0.07526 -0.0580072)
(0.957995 0.0722272 -0.0553617)
(0.964121 0.0690769 -0.0526382)
(0.970063 0.0659242 -0.0500051)
(0.975458 0.0627589 -0.0474729)
(0.980193 0.0596202 -0.0449999)
(0.984322 0.0565285 -0.0425669)
(0.987996 0.0534736 -0.0401677)
(0.991293 0.0504373 -0.037807)
(0.994188 0.0474208 -0.0354741)
(0.996799 0.0444112 -0.0331445)
(0.999134 0.0414038 -0.0308423)
(1.00123 0.0383902 -0.0285298)
(1.00314 0.0353871 -0.0262521)
(1.00485 0.032391 -0.0239645)
(1.00639 0.0294074 -0.0217212)
(1.00775 0.0264778 -0.0195078)
(1.00897 0.0236192 -0.0173338)
(1.01012 0.020861 -0.0152444)
(1.0111 0.0182178 -0.0132786)
(1.01197 0.0157306 -0.0114384)
(1.0127 0.0134051 -0.00975077)
(1.01327 0.0112883 -0.00819273)
(1.01373 0.00939162 -0.00680664)
(1.01406 0.00772516 -0.00558819)
(1.01429 0.00628396 -0.00452854)
(1.01447 0.0050446 -0.00363101)
(1.01457 0.00400631 -0.00287547)
(1.01464 0.00313807 -0.00224849)
(1.01468 0.00242927 -0.00174137)
(1.0147 0.00185154 -0.0013229)
(1.01471 0.00140191 -0.00100279)
(1.01471 0.00103054 -0.000736674)
(1.01473 0.000778586 -0.00055722)
(0.999043 0.251577 0.177489)
(1.00366 0.256 0.177192)
(1.00838 0.266335 0.170797)
(1.01166 0.275074 0.174952)
(1.01418 0.275512 0.184897)
(1.01313 0.267167 0.198491)
(1.0095 0.251334 0.209669)
(1.00231 0.232557 0.207485)
(0.993151 0.219102 0.195834)
(0.986544 0.219436 0.180053)
(0.982144 0.227273 0.170974)
(0.976663 0.234908 0.169546)
(0.969515 0.238286 0.170346)
(0.961715 0.237341 0.169704)
(0.954422 0.233593 0.166725)
(0.949171 0.228552 0.16207)
(0.947467 0.222046 0.156301)
(0.949745 0.213961 0.149769)
(0.955011 0.204574 0.143008)
(0.961378 0.194835 0.136607)
(0.967285 0.185651 0.130623)
(0.972448 0.177035 0.124801)
(0.977039 0.168556 0.119034)
(0.981142 0.160165 0.113312)
(0.984829 0.151869 0.107607)
(0.988077 0.14365 0.101929)
(0.990999 0.13545 0.0962699)
(0.993622 0.127307 0.0905974)
(0.99596 0.119132 0.0849061)
(0.998098 0.111049 0.0792133)
(1.00002 0.102916 0.0735121)
(1.00171 0.0948062 0.0677365)
(1.00327 0.0866962 0.061964)
(1.0047 0.078587 0.0561863)
(1.00616 0.0706063 0.0504692)
(1.00757 0.062796 0.0448554)
(1.00887 0.0552187 0.039454)
(1.01012 0.0479894 0.0342602)
(1.01122 0.0411673 0.0294)
(1.01215 0.0349099 0.0249205)
(1.01289 0.0292636 0.0208828)
(1.01345 0.0242425 0.0173097)
(1.01389 0.0198477 0.0141631)
(1.01417 0.016068 0.0114706)
(1.01436 0.0128411 0.00916327)
(1.01448 0.0101585 0.00723643)
(1.01455 0.00789383 0.00562514)
(1.01458 0.00610857 0.00434781)
(1.01459 0.00458152 0.00325681)
(1.01457 0.00352871 0.00250394)
(0.999044 0.294111 0.0910586)
(1.00366 0.298222 0.0894179)
(1.00837 0.306102 0.0801028)
(1.01166 0.315688 0.0813826)
(1.0142 0.319104 0.0907168)
(1.0131 0.315411 0.106337)
(1.00946 0.303791 0.121547)
(1.00238 0.285181 0.125373)
(0.993269 0.269012 0.118445)
(0.986592 0.264638 0.103301)
(0.982142 0.269239 0.0924117)
(0.976668 0.275884 0.0887675)
(0.969534 0.279223 0.0884011)
(0.961738 0.278082 0.0879437)
(0.954431 0.273647 0.0861642)
(0.949176 0.267437 0.0832207)
(0.947481 0.259482 0.0797043)
(0.949761 0.249803 0.0759849)
(0.955017 0.238817 0.0724878)
(0.961384 0.227584 0.0694344)
(0.967301 0.217068 0.0665582)
(0.972446 0.207097 0.0636845)
(0.977032 0.197253 0.0608321)
(0.981132 0.187507 0.0579912)
(0.984816 0.177855 0.0551357)
(0.988065 0.168288 0.0522798)
(0.990988 0.158745 0.0494366)
(0.993612 0.149257 0.046562)
(0.995949 0.139734 0.04368)
(0.998089 0.130299 0.040764)
(1.00001 0.120814 0.0378573)
(1.00171 0.111327 0.0348684)
(1.00327 0.10183 0.0318831)
(1.00471 0.0923263 0.0288887)
(1.00615 0.0829997 0.0259181)
(1.00753 0.0739185 0.0230216)
(1.00884 0.0650707 0.0202549)
(1.01009 0.0565806 0.0175676)
(1.0112 0.0485751 0.0150748)
(1.01214 0.0412281 0.0127685)
(1.01288 0.0345961 0.0106946)
(1.01344 0.0286995 0.00886928)
(1.01388 0.0235243 0.00725255)
(1.01417 0.0190708 0.0058776)
(1.01436 0.0152603 0.00469441)
(1.01448 0.0120829 0.0037053)
(1.01455 0.00940304 0.00288272)
(1.01458 0.00728294 0.0022273)
(1.01459 0.00546874 0.00166716)
(1.01457 0.00422317 0.00128159)
(0.999043 0.307858 -0.00428511)
(1.00367 0.311259 -0.0071187)
(1.00837 0.315857 -0.0183681)
(1.01164 0.325363 -0.0201855)
(1.0142 0.33159 -0.012361)
(1.01312 0.332816 0.00366049)
(1.00947 0.326513 0.0219113)
(1.00239 0.30997 0.031108)
(0.993264 0.292411 0.0293223)
(0.986592 0.283553 0.0163645)
(0.982155 0.284567 0.0046687)
(0.976692 0.289807 -0.000861635)
(0.969552 0.292903 -0.00224148)
(0.961752 0.291726 -0.00228497)
(0.954441 0.28698 -0.00255088)
(0.949187 0.280184 -0.00338784)
(0.947491 0.271557 -0.00423666)
(0.949759 0.261234 -0.00474111)
(0.955008 0.249711 -0.0046464)
(0.961368 0.238084 -0.00409976)
(0.967233 0.227234 -0.00359761)
(0.972383 0.216851 -0.00321385)
(0.976979 0.206597 -0.00286001)
(0.981086 0.196445 -0.00253424)
(0.984778 0.18638 -0.00225349)
(0.988033 0.176398 -0.00199947)
(0.990962 0.166442 -0.0017427)
(0.99359 0.156531 -0.00152935)
(0.99593 0.146581 -0.00131174)
(0.998073 0.136713 -0.00115351)
(0.999999 0.126794 -0.000972715)
(1.0017 0.11685 -0.000867706)
(1.00326 0.106889 -0.000763292)
(1.00468 0.0969474 -0.000662308)
(1.0061 0.0872343 -0.000588696)
(1.00749 0.0777154 -0.000520982)
(1.00882 0.0684221 -0.000422527)
(1.01008 0.0594962 -0.000367332)
(1.0112 0.0510926 -0.000283594)
(1.01214 0.0433778 -0.000228555)
(1.01288 0.0364135 -0.000177463)
(1.01344 0.0302225 -0.000120102)
(1.01388 0.0247816 -8.94353e-05)
(1.01417 0.0200995 -5.25971e-05)
(1.01436 0.0160885 -3.26697e-05)
(1.01449 0.0127392 -2.34452e-05)
(1.01456 0.00991785 -7.1291e-06)
(1.01459 0.00768276 -2.94117e-06)
(1.01459 0.00576988 -5.32482e-07)
(1.01458 0.00445977 2.48632e-07)
(0.999042 0.291464 -0.0992059)
(1.00366 0.293825 -0.102957)
(1.00838 0.294728 -0.115092)
(1.01166 0.303241 -0.119712)
(1.01419 0.31148 -0.114197)
(1.0131 0.317669 -0.099414)
(1.00949 0.317289 -0.0802861)
(1.0024 0.304525 -0.0660716)
(0.993255 0.287166 -0.0622291)
(0.986592 0.274625 -0.0719452)
(0.982159 0.272026 -0.0835645)
(0.976697 0.275361 -0.0904656)
(0.969552 0.277887 -0.0926926)
(0.961742 0.276766 -0.0923155)
(0.954434 0.272186 -0.0910284)
(0.949179 0.265498 -0.0896688)
(0.94748 0.25705 -0.0877668)
(0.949756 0.247083 -0.0850069)
(0.955013 0.236152 -0.0813323)
(0.961374 0.225275 -0.0772204)
(0.967214 0.215106 -0.0733329)
(0.972372 0.205343 -0.0697378)
(0.976976 0.195695 -0.0662266)
(0.981087 0.186137 -0.0627753)
(0.984781 0.176651 -0.0593928)
(0.988038 0.167237 -0.0560593)
(0.990968 0.157846 -0.0527305)
(0.993596 0.148485 -0.049453)
(0.995937 0.139085 -0.0461584)
(0.998079 0.129748 -0.0429411)
(1 0.120367 -0.0396882)
(1.0017 0.110946 -0.0364985)
(1.00325 0.101508 -0.0333068)
(1.00467 0.0920779 -0.030112)
(1.0061 0.0828388 -0.027)
(1.00752 0.0737888 -0.0239743)
(1.00884 0.0649669 -0.0210188)
(1.01011 0.0564858 -0.0182267)
(1.01122 0.0485057 -0.0155746)
(1.01215 0.0411744 -0.013164)
(1.0129 0.0345553 -0.0109949)
(1.01346 0.0286751 -0.0090635)
(1.0139 0.0235054 -0.00739264)
(1.01418 0.0190596 -0.00595156)
(1.01437 0.0152495 -0.00473439)
(1.0145 0.0120677 -0.00373204)
(1.01456 0.00939219 -0.0028822)
(1.01459 0.00727245 -0.00222289)
(1.0146 0.00545902 -0.00166102)
(1.01459 0.00421605 -0.00127486)
(0.999043 0.246544 -0.184418)
(1.00367 0.247631 -0.188711)
(1.00836 0.24473 -0.200531)
(1.01167 0.251368 -0.207584)
(1.0142 0.260997 -0.204884)
(1.01309 0.271416 -0.192696)
(1.00949 0.276976 -0.174061)
(1.00239 0.269057 -0.15698)
(0.99322 0.253808 -0.148345)
(0.986542 0.239182 -0.15345)
(0.982132 0.233047 -0.163425)
(0.976683 0.233942 -0.170997)
(0.969534 0.235638 -0.173943)
(0.961721 0.234719 -0.173269)
(0.954425 0.230773 -0.170621)
(0.949173 0.224836 -0.167241)
(0.947469 0.217379 -0.162807)
(0.949741 0.208719 -0.157106)
(0.955008 0.199423 -0.150249)
(0.961374 0.190344 -0.142986)
(0.967239 0.181848 -0.136104)
(0.972405 0.173654 -0.129675)
(0.977006 0.165551 -0.123371)
(0.981116 0.157516 -0.117146)
(0.984807 0.149532 -0.111008)
(0.98806 0.1416 -0.104938)
(0.990986 0.133687 -0.0988784)
(0.993612 0.125785 -0.0928783)
(0.995952 0.117851 -0.0868496)
(0.998092 0.10995 -0.0809103)
(1.00001 0.10202 -0.0749245)
(1.00171 0.0940331 -0.0689856)
(1.00326 0.0860417 -0.0630442)
(1.00468 0.0780504 -0.0570991)
(1.00614 0.0701758 -0.0512637)
(1.00755 0.0624467 -0.0455677)
(1.00887 0.0549531 -0.04003)
(1.01012 0.047757 -0.0347651)
(1.01123 0.0409991 -0.0297853)
(1.01216 0.0347819 -0.0252285)
(1.0129 0.0291697 -0.0211197)
(1.01346 0.0241904 -0.0174655)
(1.0139 0.0198123 -0.0142785)
(1.01418 0.0160534 -0.0115378)
(1.01437 0.0128328 -0.00920609)
(1.01449 0.0101443 -0.00727438)
(1.01456 0.00788963 -0.00563999)
(1.01459 0.00610349 -0.00435982)
(1.01459 0.00457745 -0.0032643)
(1.01459 0.00352711 -0.00250902)
(0.999366 0.405914 0.2937)
(0.999158 0.396229 0.308863)
(0.998266 0.373808 0.317964)
(1.00519 0.367536 0.310435)
(1.01192 0.37285 0.296267)
(1.01639 0.388987 0.277571)
(1.01563 0.409307 0.264862)
(1.01233 0.427079 0.263905)
(1.00999 0.436868 0.273886)
(1.00662 0.434707 0.28962)
(1.00005 0.423126 0.30146)
(0.991664 0.407028 0.304771)
(0.983422 0.390838 0.300611)
(0.976383 0.376728 0.2916)
(0.971022 0.365043 0.281463)
(0.967348 0.354878 0.271682)
(0.965857 0.344987 0.261988)
(0.966529 0.334627 0.251896)
(0.969001 0.323058 0.241236)
(0.972475 0.310657 0.230778)
(0.976354 0.297987 0.221004)
(0.980127 0.285477 0.211765)
(0.98357 0.273122 0.20265)
(0.986651 0.260927 0.193564)
(0.989385 0.248928 0.184574)
(0.99175 0.237104 0.175638)
(0.993844 0.225323 0.166734)
(0.995708 0.213631 0.157805)
(0.997309 0.201875 0.14888)
(0.998794 0.190236 0.140057)
(1.00011 0.178481 0.13112)
(1.00121 0.16668 0.122142)
(1.00222 0.154728 0.113097)
(1.00311 0.142452 0.103788)
(1.00413 0.130003 0.0944326)
(1.00525 0.117408 0.0850004)
(1.00632 0.104766 0.0756185)
(1.00746 0.0924732 0.0665198)
(1.00855 0.0806109 0.0578463)
(1.0095 0.0694418 0.0497211)
(1.0103 0.0591567 0.0422817)
(1.01092 0.0497745 0.0355337)
(1.01144 0.0413787 0.0295135)
(1.01179 0.0340175 0.0242582)
(1.012 0.0275783 0.0196602)
(1.01216 0.0221634 0.0157757)
(1.01225 0.0174686 0.0124291)
(1.01228 0.0137412 0.00977404)
(1.01229 0.01043 0.00740913)
(1.01225 0.00817631 0.00580866)
(0.999368 0.476804 0.153892)
(0.999156 0.472258 0.171336)
(0.998288 0.453648 0.186855)
(1.00515 0.445627 0.181648)
(1.0119 0.446296 0.166483)
(1.01642 0.455559 0.143841)
(1.01566 0.470989 0.125459)
(1.01229 0.487767 0.118942)
(1.00993 0.500128 0.125424)
(1.00659 0.502806 0.14099)
(1.00007 0.495395 0.155702)
(0.991724 0.4811 0.163712)
(0.983507 0.464432 0.16468)
(0.97645 0.448289 0.160463)
(0.971077 0.434087 0.154464)
(0.967393 0.421426 0.148288)
(0.965899 0.409089 0.142077)
(0.966565 0.396106 0.135646)
(0.969016 0.381827 0.129078)
(0.972468 0.36682 0.122965)
(0.97635 0.351755 0.1176)
(0.980134 0.337002 0.112687)
(0.983577 0.322454 0.107844)
(0.986655 0.308068 0.102989)
(0.989387 0.293896 0.0981518)
(0.991748 0.279901 0.0933103)
(0.993841 0.265964 0.0884785)
(0.995703 0.252087 0.0836069)
(0.997301 0.238166 0.0787535)
(0.998785 0.224378 0.0739569)
(1.0001 0.210459 0.0690977)
(1.0012 0.196476 0.064193)
(1.00222 0.182331 0.0592738)
(1.00311 0.167806 0.054216)
(1.00412 0.153118 0.0491661)
(1.00522 0.138261 0.0441192)
(1.00629 0.123381 0.0391492)
(1.00743 0.108899 0.0343461)
(1.00851 0.0949596 0.029813)
(1.00946 0.0818359 0.0255801)
(1.01026 0.0697621 0.0217278)
(1.01088 0.0587434 0.018252)
(1.01141 0.048875 0.0151518)
(1.01176 0.0402153 0.0124672)
(1.01198 0.0326357 0.010105)
(1.01214 0.0262358 0.00811805)
(1.01224 0.0206973 0.00640281)
(1.01228 0.016289 0.00504375)
(1.01229 0.0123728 0.00382222)
(1.01223 0.00973428 0.00300568)
(0.999367 0.501023 -0.000983203)
(0.999141 0.502143 0.0169679)
(0.998304 0.489185 0.0375915)
(1.0052 0.479779 0.0351028)
(1.01189 0.475928 0.0204293)
(1.01638 0.477845 -0.0041001)
(1.01565 0.486695 -0.0262234)
(1.01234 0.500597 -0.037506)
(1.00994 0.514461 -0.0351858)
(1.00657 0.521884 -0.0212726)
(1.00007 0.519372 -0.00501342)
(0.991742 0.508259 0.0070384)
(0.983527 0.492773 0.013154)
(0.97647 0.476132 0.014171)
(0.971083 0.46076 0.0128651)
(0.967406 0.446789 0.0109038)
(0.965928 0.433118 0.00880064)
(0.966578 0.418798 0.00670621)
(0.969016 0.403184 0.00488917)
(0.972464 0.387015 0.00372697)
(0.976375 0.371028 0.00333178)
(0.980149 0.355493 0.00323778)
(0.983584 0.340161 0.00312855)
(0.986652 0.324981 0.00295987)
(0.989379 0.310004 0.0027424)
(0.991738 0.295202 0.00247086)
(0.993833 0.280442 0.00219045)
(0.995692 0.265744 0.00185715)
(0.997287 0.251001 0.00156269)
(0.998771 0.236416 0.00127938)
(1.00009 0.221675 0.000976051)
(1.00118 0.206886 0.000657888)
(1.00219 0.191927 0.00036688)
(1.00308 0.176566 7.9534e-05)
(1.00408 0.161055 -0.000147944)
(1.00519 0.145393 -0.000325996)
(1.00626 0.129718 -0.000441609)
(1.00741 0.114474 -0.000524101)
(1.0085 0.099812 -0.000519787)
(1.00946 0.0860199 -0.000490504)
(1.01027 0.0733361 -0.000423691)
(1.01089 0.0617599 -0.000339833)
(1.01142 0.0513924 -0.000265427)
(1.01178 0.0422942 -0.000173702)
(1.012 0.0343262 -0.000114325)
(1.01217 0.0275893 -7.24946e-05)
(1.01227 0.0217657 -3.41333e-05)
(1.0123 0.0171315 -3.88248e-06)
(1.0123 0.0130094 1.5601e-06)
(1.01227 0.0102502 1.74343e-05)
(0.999366 0.476198 -0.155758)
(0.999161 0.482753 -0.138982)
(0.998264 0.476922 -0.115538)
(1.00517 0.467267 -0.114932)
(1.01193 0.458857 -0.127542)
(1.01642 0.453133 -0.151469)
(1.01562 0.454826 -0.175391)
(1.01229 0.464505 -0.190456)
(1.00994 0.478362 -0.192399)
(1.0066 0.489751 -0.181368)
(1.00007 0.492459 -0.165115)
(0.991723 0.485637 -0.150269)
(0.983523 0.472685 -0.13968)
(0.976463 0.45709 -0.133553)
(0.971064 0.44206 -0.130043)
(0.967373 0.428215 -0.127582)
(0.965892 0.41459 -0.12532)
(0.96656 0.400334 -0.122849)
(0.968992 0.384958 -0.119718)
(0.972451 0.369251 -0.115787)
(0.976359 0.353945 -0.111202)
(0.980138 0.33916 -0.106488)
(0.983577 0.324552 -0.101845)
(0.986644 0.310075 -0.0973116)
(0.989374 0.295779 -0.0928793)
(0.991733 0.281629 -0.0885531)
(0.993828 0.267526 -0.0842417)
(0.995689 0.253456 -0.080007)
(0.997285 0.239365 -0.0757163)
(0.998768 0.225423 -0.0714594)
(1.00008 0.211329 -0.0671723)
(1.00118 0.197184 -0.0628736)
(1.00217 0.182896 -0.058491)
(1.00306 0.168214 -0.0539675)
(1.00408 0.153408 -0.0493252)
(1.0052 0.138457 -0.0446175)
(1.00628 0.123498 -0.0398656)
(1.00744 0.108948 -0.0352291)
(1.00854 0.0949738 -0.0306908)
(1.00949 0.0818312 -0.0264046)
(1.01032 0.0697471 -0.0224313)
(1.01094 0.0587257 -0.0188076)
(1.01147 0.0488603 -0.0155797)
(1.01182 0.0402048 -0.012733)
(1.01204 0.0326219 -0.0102678)
(1.0122 0.0262105 -0.0082119)
(1.01229 0.0206758 -0.00643401)
(1.01232 0.0162714 -0.00503512)
(1.01231 0.0123557 -0.00380912)
(1.0123 0.009731 -0.00296637)
(0.999367 0.404757 -0.295291)
(0.999145 0.416234 -0.281412)
(0.998309 0.4178 -0.257093)
(1.00518 0.408811 -0.253673)
(1.01187 0.397069 -0.263291)
(1.01641 0.38419 -0.284059)
(1.01565 0.378297 -0.307234)
(1.01232 0.38292 -0.324592)
(1.00996 0.395499 -0.330769)
(1.00659 0.409679 -0.323785)
(1.00007 0.417241 -0.309116)
(0.991733 0.415304 -0.29285)
(0.983494 0.406326 -0.27879)
(0.976414 0.393507 -0.268179)
(0.97102 0.380362 -0.260211)
(0.967348 0.36799 -0.253561)
(0.965879 0.355754 -0.247138)
(0.966541 0.343015 -0.240356)
(0.968986 0.329377 -0.232627)
(0.972461 0.315644 -0.224039)
(0.976362 0.302469 -0.214975)
(0.980136 0.289836 -0.205932)
(0.983579 0.277368 -0.196997)
(0.986652 0.264983 -0.188206)
(0.989382 0.252747 -0.179566)
(0.991744 0.240615 -0.171075)
(0.993837 0.228531 -0.162612)
(0.995699 0.216447 -0.154241)
(0.997298 0.204355 -0.145809)
(0.998783 0.192398 -0.137448)
(1.0001 0.180294 -0.129014)
(1.0012 0.168152 -0.120546)
(1.00219 0.1559 -0.111954)
(1.00308 0.143304 -0.103115)
(1.00411 0.130613 -0.0941186)
(1.00523 0.11779 -0.0850212)
(1.00632 0.104969 -0.0758717)
(1.00747 0.0925068 -0.066976)
(1.00857 0.0805707 -0.0583549)
(1.00952 0.0693579 -0.0502305)
(1.01033 0.0590588 -0.0427357)
(1.01096 0.0496868 -0.0359043)
(1.01148 0.0413114 -0.029799)
(1.01182 0.0339715 -0.0244492)
(1.01204 0.0275418 -0.0197919)
(1.01219 0.0221116 -0.0158829)
(1.01228 0.0174323 -0.0124889)
(1.01231 0.0137129 -0.00980753)
(1.01231 0.0104082 -0.0074292)
(1.01229 0.00817797 -0.0058031)
(1.00379 0.572399 0.399526)
(1.02677 0.617977 0.363266)
(1.02415 0.661509 0.362172)
(1.01837 0.68456 0.391431)
(1.01094 0.683482 0.432266)
(1.00485 0.658586 0.469696)
(0.999678 0.617506 0.48845)
(0.995119 0.573928 0.48527)
(0.991424 0.539277 0.465595)
(0.990083 0.517084 0.436498)
(0.991872 0.505275 0.407573)
(0.996558 0.49865 0.383263)
(1.00276 0.494607 0.365647)
(1.0079 0.490176 0.353567)
(1.01066 0.484116 0.344091)
(1.01076 0.475479 0.33347)
(1.00909 0.463852 0.320057)
(1.00686 0.450175 0.305666)
(1.00491 0.435106 0.291729)
(1.00355 0.420049 0.279204)
(1.00283 0.405054 0.267791)
(1.00252 0.390205 0.257167)
(1.00245 0.375386 0.247031)
(1.00248 0.360564 0.237216)
(1.0026 0.345752 0.227575)
(1.00269 0.330951 0.218079)
(1.0028 0.316084 0.208704)
(1.0029 0.301238 0.199338)
(1.00299 0.286341 0.190004)
(1.0031 0.2716 0.180687)
(1.00311 0.256468 0.171399)
(1.00313 0.241174 0.161935)
(1.00312 0.225737 0.152462)
(1.00307 0.209596 0.142538)
(1.00323 0.193099 0.132017)
(1.00341 0.176119 0.120996)
(1.00357 0.158622 0.109658)
(1.00395 0.141736 0.0982937)
(1.00432 0.125085 0.0871226)
(1.00466 0.108981 0.0762726)
(1.00498 0.0939719 0.0660271)
(1.00524 0.0800172 0.056445)
(1.0055 0.0673382 0.0476371)
(1.00567 0.0560795 0.03977)
(1.00575 0.0459455 0.0326823)
(1.00583 0.0374153 0.0266407)
(1.00589 0.0297958 0.0212297)
(1.0059 0.0238022 0.0169844)
(1.0059 0.0181828 0.0129738)
(1.00586 0.0145177 0.0104123)
(1.00379 0.667815 0.203075)
(1.02677 0.700039 0.154477)
(1.02415 0.741051 0.140165)
(1.01837 0.771928 0.160707)
(1.01093 0.783626 0.199788)
(1.00485 0.771484 0.243205)
(0.999687 0.738143 0.273853)
(0.995125 0.695756 0.284267)
(0.991422 0.656784 0.276109)
(0.990077 0.6267 0.255254)
(0.991859 0.606551 0.231502)
(0.996529 0.592697 0.210553)
(1.00271 0.583368 0.195136)
(1.00787 0.575404 0.184895)
(1.01067 0.566671 0.177534)
(1.01081 0.555091 0.169831)
(1.00914 0.539793 0.160559)
(1.00691 0.522304 0.151142)
(1.00495 0.503696 0.142617)
(1.00357 0.485533 0.135358)
(1.00283 0.46774 0.129133)
(1.00252 0.450328 0.123624)
(1.00246 0.433119 0.118567)
(1.00248 0.415993 0.113812)
(1.0026 0.398914 0.109225)
(1.0027 0.381924 0.104753)
(1.00281 0.364904 0.100402)
(1.00291 0.347872 0.0961145)
(1.003 0.330838 0.0917892)
(1.00311 0.313951 0.087458)
(1.00311 0.296701 0.0832478)
(1.00313 0.279271 0.0789194)
(1.00314 0.261678 0.0746452)
(1.00309 0.243257 0.0701782)
(1.00322 0.22437 0.0652401)
(1.00339 0.20486 0.0600208)
(1.00354 0.184771 0.0546671)
(1.0039 0.165243 0.0491298)
(1.00426 0.145998 0.0437067)
(1.0046 0.127384 0.0384237)
(1.00492 0.109987 0.0333796)
(1.00516 0.093766 0.0286544)
(1.00544 0.0789888 0.0242404)
(1.00561 0.0658312 0.0203116)
(1.0057 0.0540006 0.0167533)
(1.00577 0.0439899 0.0136894)
(1.00585 0.035044 0.0109292)
(1.00587 0.0280049 0.00876988)
(1.00589 0.0213854 0.00669299)
(1.00582 0.0171546 0.00541992)
(1.0038 0.697922 -0.0132187)
(1.02678 0.713435 -0.0694154)
(1.02413 0.748126 -0.0957838)
(1.01837 0.783917 -0.0856245)
(1.01096 0.806947 -0.0521017)
(1.00484 0.808861 -0.00716515)
(0.999661 0.786688 0.0322514)
(0.995118 0.749567 0.0553457)
(0.991425 0.709966 0.05968)
(0.990083 0.674836 0.0491116)
(0.991865 0.64832 0.0326998)
(0.996542 0.628703 0.0170314)
(1.00275 0.615059 0.00524259)
(1.0079 0.604272 -0.00200847)
(1.01069 0.593732 -0.00630297)
(1.0108 0.580388 -0.00995026)
(1.00912 0.563039 -0.0139844)
(1.00691 0.543537 -0.0175497)
(1.00495 0.523204 -0.0199202)
(1.00357 0.503664 -0.0212236)
(1.00284 0.484808 -0.0216496)
(1.00253 0.466545 -0.021525)
(1.00246 0.448632 -0.0210377)
(1.00248 0.430879 -0.0202735)
(1.0026 0.413223 -0.0193634)
(1.00269 0.395677 -0.018349)
(1.00279 0.378131 -0.0172145)
(1.0029 0.360636 -0.0160424)
(1.00297 0.343081 -0.0148593)
(1.00308 0.325677 -0.0137526)
(1.00308 0.30794 -0.0123799)
(1.0031 0.290025 -0.0111112)
(1.00309 0.271999 -0.0097729)
(1.00304 0.253109 -0.00829301)
(1.00316 0.233605 -0.00711519)
(1.00333 0.21345 -0.00602889)
(1.00349 0.192723 -0.00489284)
(1.00386 0.172439 -0.00408687)
(1.00423 0.152462 -0.00326579)
(1.00458 0.133123 -0.00250995)
(1.00493 0.115022 -0.0018989)
(1.00518 0.0981188 -0.00135545)
(1.00546 0.0826844 -0.000971736)
(1.00565 0.0689324 -0.000646332)
(1.00575 0.0565594 -0.000390738)
(1.00584 0.0460694 -0.000230584)
(1.00592 0.0367036 -0.000133954)
(1.00592 0.0293315 -4.31416e-05)
(1.00592 0.0223942 -1.89635e-05)
(1.00588 0.0180021 5.43272e-05)
(1.00379 0.659655 -0.228244)
(1.02677 0.657137 -0.286472)
(1.02416 0.68186 -0.322235)
(1.01834 0.719011 -0.323749)
(1.01093 0.751456 -0.298938)
(1.00487 0.76708 -0.256711)
(0.999686 0.758079 -0.212365)
(0.99511 0.729956 -0.178993)
(0.99141 0.693688 -0.162633)
(0.990075 0.65704 -0.161802)
(0.991859 0.626759 -0.169223)
(0.996524 0.603198 -0.178039)
(1.00273 0.586559 -0.185014)
(1.00788 0.57414 -0.188564)
(1.01068 0.562821 -0.189331)
(1.0108 0.548968 -0.18863)
(1.00913 0.531092 -0.187067)
(1.00691 0.511328 -0.184414)
(1.00494 0.491257 -0.180397)
(1.00356 0.472268 -0.175596)
(1.00283 0.454238 -0.170193)
(1.00253 0.436926 -0.164419)
(1.00245 0.420051 -0.158417)
(1.00247 0.403424 -0.152205)
(1.00258 0.386933 -0.145864)
(1.00267 0.370582 -0.139474)
(1.00277 0.354277 -0.132952)
(1.00288 0.338019 -0.126442)
(1.00296 0.321732 -0.119893)
(1.00306 0.305543 -0.113444)
(1.00305 0.289138 -0.106649)
(1.00307 0.272517 -0.0998184)
(1.00306 0.255823 -0.0929691)
(1.00301 0.238367 -0.0857004)
(1.00315 0.220216 -0.0784568)
(1.00333 0.201423 -0.0711564)
(1.0035 0.182106 -0.0636302)
(1.00389 0.163078 -0.0565737)
(1.00428 0.144337 -0.0495842)
(1.00463 0.126151 -0.0428635)
(1.00502 0.109101 -0.0366947)
(1.00529 0.09316 -0.0309591)
(1.00557 0.0785697 -0.0258633)
(1.00575 0.0655468 -0.0213419)
(1.00584 0.0538249 -0.0173185)
(1.00592 0.0438689 -0.0139964)
(1.00598 0.0349658 -0.0110821)
(1.00597 0.0279558 -0.00879999)
(1.00595 0.0213572 -0.00670426)
(1.00595 0.0171771 -0.00530331)
(1.0038 0.55685 -0.420916)
(1.02676 0.536387 -0.475523)
(1.02416 0.548959 -0.517213)
(1.01837 0.583837 -0.529996)
(1.01092 0.62221 -0.51653)
(1.00484 0.650152 -0.481233)
(0.999692 0.655427 -0.436216)
(0.99513 0.638929 -0.395822)
(0.991417 0.60943 -0.369084)
(0.990076 0.574853 -0.356968)
(0.991878 0.543703 -0.354647)
(0.996554 0.518625 -0.355763)
(1.00275 0.500651 -0.357312)
(1.00791 0.487607 -0.356862)
(1.01071 0.476502 -0.354036)
(1.01081 0.463574 -0.348997)
(1.00911 0.44724 -0.341955)
(1.00687 0.429434 -0.333379)
(1.00489 0.411667 -0.323485)
(1.00352 0.395163 -0.313036)
(1.00281 0.379706 -0.302301)
(1.00251 0.36506 -0.291445)
(1.00245 0.350877 -0.280499)
(1.00247 0.336999 -0.269443)
(1.00258 0.32329 -0.258316)
(1.00267 0.309727 -0.247177)
(1.00278 0.296237 -0.235941)
(1.00288 0.282797 -0.224726)
(1.00296 0.269337 -0.213443)
(1.00306 0.255962 -0.202282)
(1.00306 0.242477 -0.190708)
(1.00309 0.228799 -0.179059)
(1.00308 0.215037 -0.167336)
(1.00303 0.200684 -0.155035)
(1.00319 0.185658 -0.142553)
(1.00337 0.170034 -0.129795)
(1.00354 0.153928 -0.116649)
(1.00394 0.137954 -0.104067)
(1.00433 0.12221 -0.0916581)
(1.00467 0.106912 -0.0796557)
(1.00504 0.0925061 -0.0685408)
(1.00532 0.0790449 -0.0582067)
(1.00558 0.0666958 -0.0488631)
(1.00575 0.0556749 -0.0405774)
(1.00584 0.045734 -0.0331767)
(1.00592 0.0372823 -0.0269753)
(1.00597 0.0297186 -0.0214436)
(1.00596 0.0237591 -0.0171038)
(1.00594 0.0181476 -0.0130489)
(1.00594 0.0145647 -0.0103886)
(0.997761 0.64464 0.607677)
(0.977529 0.535657 0.637957)
(0.978875 0.449768 0.615376)
(0.97857 0.39869 0.560769)
(0.97853 0.37923 0.494264)
(0.981613 0.382964 0.428334)
(0.986952 0.400311 0.377301)
(0.995793 0.417639 0.344504)
(1.00379 0.430894 0.330458)
(1.01079 0.431996 0.332504)
(1.0153 0.427261 0.339272)
(1.01923 0.4154 0.349252)
(1.02217 0.401119 0.355763)
(1.02529 0.387159 0.357882)
(1.02881 0.37457 0.356271)
(1.03241 0.364404 0.353278)
(1.03481 0.35745 0.351019)
(1.03495 0.352734 0.348967)
(1.03276 0.348994 0.346596)
(1.02918 0.344258 0.343169)
(1.02506 0.338349 0.338331)
(1.02092 0.331357 0.332095)
(1.01704 0.323544 0.324605)
(1.01349 0.315239 0.316189)
(1.01038 0.306581 0.307064)
(1.00754 0.297791 0.297381)
(1.00506 0.288818 0.287343)
(1.00282 0.279682 0.276856)
(1.00084 0.270307 0.26615)
(0.999099 0.260336 0.25503)
(0.99749 0.250351 0.243431)
(0.996122 0.23988 0.231393)
(0.994833 0.228797 0.218923)
(0.9937 0.217522 0.205268)
(0.992421 0.205043 0.190943)
(0.991122 0.191775 0.176189)
(0.989867 0.177975 0.160483)
(0.988467 0.163293 0.144925)
(0.987126 0.148319 0.129413)
(0.985987 0.133195 0.113956)
(0.984913 0.118109 0.0993067)
(0.984123 0.103534 0.0853667)
(0.983398 0.089393 0.0724773)
(0.982906 0.0763866 0.0610418)
(0.982706 0.0639075 0.0503501)
(0.982472 0.0532839 0.0414622)
(0.982424 0.0431791 0.0330526)
(0.982358 0.0355094 0.0269198)
(0.982425 0.0274156 0.0203741)
(0.982374 0.0225017 0.0168805)
(0.997731 0.800898 0.378731)
(0.977573 0.706592 0.441293)
(0.97892 0.617859 0.446206)
(0.97855 0.55239 0.410026)
(0.978465 0.513433 0.35287)
(0.981639 0.496724 0.289122)
(0.987024 0.497382 0.235156)
(0.995797 0.503588 0.19851)
(1.00375 0.511808 0.181059)
(1.01074 0.513589 0.182717)
(1.01527 0.511193 0.190661)
(1.0192 0.503008 0.203801)
(1.02216 0.491425 0.214334)
(1.0253 0.478765 0.220671)
(1.0288 0.466291 0.223148)
(1.03235 0.455754 0.223619)
(1.03474 0.448502 0.223694)
(1.0349 0.44341 0.223192)
(1.0328 0.439078 0.222036)
(1.02926 0.433496 0.220135)
(1.02514 0.426369 0.217242)
(1.02097 0.417777 0.213393)
(1.01709 0.407985 0.208647)
(1.01352 0.397456 0.203184)
(1.0104 0.38639 0.197153)
(1.00756 0.374999 0.190659)
(1.00509 0.363294 0.183892)
(1.00286 0.351411 0.176628)
(1.00087 0.339124 0.169308)
(0.99912 0.326165 0.161832)
(0.997524 0.313043 0.153882)
(0.996207 0.299335 0.145607)
(0.994878 0.284889 0.137114)
(0.993801 0.269946 0.12754)
(0.992483 0.253586 0.11774)
(0.99119 0.236408 0.107812)
(0.989899 0.218424 0.0971448)
(0.988452 0.199666 0.0869247)
(0.987096 0.180623 0.0768169)
(0.985914 0.161484 0.066887)
(0.984837 0.142651 0.0576072)
(0.984022 0.124504 0.0489256)
(0.983311 0.107097 0.0410808)
(0.982843 0.0912216 0.0342877)
(0.982628 0.0763307 0.0278564)
(0.982327 0.0635018 0.0227274)
(0.982279 0.0512196 0.0180008)
(0.98222 0.0419327 0.0146572)
(0.982317 0.0321043 0.0109887)
(0.982299 0.0265071 0.00918225)
(0.997718 0.878684 0.112666)
(0.977541 0.80839 0.201344)
(0.978972 0.725642 0.233527)
(0.978569 0.652043 0.219271)
(0.978413 0.597209 0.176897)
(0.981603 0.561685 0.12146)
(0.987065 0.545767 0.0700006)
(0.995836 0.54039 0.0332387)
(1.00375 0.542706 0.0140498)
(1.01073 0.544864 0.0150433)
(1.01528 0.545065 0.0233167)
(1.0192 0.541384 0.0383325)
(1.02215 0.533661 0.0519779)
(1.0253 0.523634 0.0619589)
(1.02884 0.512486 0.0681798)
(1.0324 0.502576 0.0717824)
(1.03475 0.495649 0.0740003)
(1.03489 0.490577 0.0750785)
(1.03277 0.486097 0.0753264)
(1.02924 0.480205 0.07528)
(1.02514 0.472546 0.0747805)
(1.02099 0.463186 0.0738088)
(1.01711 0.452421 0.0723559)
(1.01355 0.44073 0.0704092)
(1.01042 0.428361 0.0680903)
(1.00758 0.415537 0.0654151)
(1.00508 0.40235 0.0625652)
(1.00287 0.388774 0.0593737)
(1.00087 0.37485 0.0562056)
(0.999125 0.3602 0.0530623)
(0.997511 0.345264 0.0495356)
(0.996204 0.329647 0.0458499)
(0.994851 0.313243 0.0422915)
(0.993774 0.296036 0.0377999)
(0.992459 0.277402 0.0334849)
(0.991132 0.257945 0.02931)
(0.989822 0.237488 0.0247798)
(0.988392 0.216413 0.0208714)
(0.987045 0.19511 0.0171459)
(0.985844 0.173774 0.0136274)
(0.984817 0.152911 0.0106822)
(0.98403 0.132946 0.0080706)
(0.983366 0.113943 0.00603715)
(0.982929 0.0967704 0.00449349)
(0.982754 0.080555 0.00307199)
(0.982545 0.0668914 0.00208822)
(0.982423 0.0538498 0.0013976)
(0.982374 0.0440702 0.00098559)
(0.982394 0.0336879 0.00055446)
(0.982404 0.0278741 0.00056363)
(0.997736 0.870535 -0.164349)
(0.977502 0.830968 -0.0583443)
(0.978971 0.76222 -0.00215575)
(0.978641 0.688024 0.0070742)
(0.978406 0.622714 -0.0163314)
(0.981528 0.571669 -0.0580573)
(0.987047 0.540649 -0.102088)
(0.995894 0.524225 -0.135363)
(1.00377 0.520513 -0.154332)
(1.01071 0.522855 -0.154047)
(1.01526 0.525566 -0.146249)
(1.01921 0.526681 -0.130804)
(1.02213 0.52356 -0.115498)
(1.02526 0.517071 -0.102935)
(1.0288 0.508385 -0.0935757)
(1.03239 0.500026 -0.086999)
(1.03478 0.494125 -0.0827229)
(1.03491 0.489685 -0.0801813)
(1.03277 0.485513 -0.078592)
(1.02922 0.479934 -0.0768291)
(1.02512 0.47249 -0.07492)
(1.02097 0.463266 -0.0729581)
(1.01709 0.452526 -0.0710071)
(1.01354 0.440758 -0.0692057)
(1.0104 0.42822 -0.0675955)
(1.00757 0.415165 -0.0661501)
(1.00508 0.40169 -0.0648024)
(1.00284 0.387768 -0.0635979)
(1.00087 0.373511 -0.0622591)
(0.999119 0.358576 -0.0607298)
(0.997508 0.343254 -0.0594554)
(0.996178 0.327264 -0.0581538)
(0.994857 0.310519 -0.0564164)
(0.993742 0.292708 -0.055263)
(0.992468 0.273624 -0.053543)
(0.991124 0.253809 -0.051375)
(0.989877 0.232932 -0.0493323)
(0.988405 0.211726 -0.0464468)
(0.987132 0.190417 -0.04332)
(0.985951 0.169124 -0.0400719)
(0.984915 0.148554 -0.036347)
(0.984227 0.128893 -0.0326828)
(0.983601 0.110282 -0.0288756)
(0.983178 0.0935381 -0.025121)
(0.98299 0.0777829 -0.021503)
(0.982759 0.0645103 -0.0182777)
(0.982588 0.0518802 -0.0149672)
(0.98253 0.0424662 -0.0124484)
(0.982501 0.032474 -0.00973047)
(0.98253 0.0268822 -0.00799144)
(0.997749 0.777129 -0.425347)
(0.977498 0.772307 -0.312263)
(0.978897 0.724258 -0.237549)
(0.978662 0.656461 -0.205895)
(0.978512 0.587172 -0.207895)
(0.981504 0.525795 -0.23191)
(0.98695 0.48262 -0.264237)
(0.995882 0.45677 -0.290758)
(1.00382 0.44742 -0.307588)
(1.01076 0.449672 -0.307991)
(1.01525 0.454693 -0.30146)
(1.01919 0.460559 -0.28717)
(1.02215 0.462286 -0.271608)
(1.02529 0.460014 -0.25762)
(1.02883 0.454725 -0.246062)
(1.03241 0.448878 -0.237389)
(1.03479 0.444577 -0.231609)
(1.03492 0.441057 -0.227782)
(1.03277 0.437469 -0.224828)
(1.02922 0.432641 -0.221381)
(1.02512 0.426133 -0.217276)
(1.02097 0.418002 -0.212553)
(1.01709 0.408448 -0.207389)
(1.01353 0.397856 -0.202065)
(1.0104 0.386481 -0.196638)
(1.00755 0.374551 -0.191217)
(1.00506 0.362194 -0.185739)
(1.00282 0.349347 -0.180269)
(1.00084 0.33627 -0.174552)
(0.999103 0.322578 -0.168484)
(0.997486 0.308428 -0.162565)
(0.996145 0.293669 -0.15635)
(0.994827 0.278335 -0.149571)
(0.993688 0.261926 -0.142939)
(0.99243 0.244499 -0.135425)
(0.991085 0.226421 -0.127374)
(0.989843 0.207358 -0.119044)
(0.988426 0.188175 -0.109878)
(0.987101 0.168956 -0.10043)
(0.986001 0.149699 -0.0908875)
(0.984921 0.131247 -0.0811017)
(0.984166 0.113642 -0.0715881)
(0.98355 0.097044 -0.0621041)
(0.98316 0.0821672 -0.0533889)
(0.982962 0.0681211 -0.0452467)
(0.982717 0.0563295 -0.0382242)
(0.982536 0.0452648 -0.0309841)
(0.98247 0.0369348 -0.0255541)
(0.982452 0.028199 -0.0196317)
(0.982492 0.0231858 -0.0162745)
)
;

boundaryField
{
    inlet
    {
        type            codedFixedValue;
        value           nonuniform List<vector> 
25
(
(1 0.106541 0.0774064)
(1 0.125246 0.0406949)
(1 0.131692 -5.208e-08)
(1 0.125246 -0.040695)
(1 0.106541 -0.0774065)
(1 0.248595 0.180615)
(1 0.292241 0.0949548)
(1 0.307281 -1.2152e-07)
(1 0.292241 -0.0949551)
(1 0.248595 -0.180615)
(1 0.404855 0.294144)
(1 0.475936 0.154641)
(1 0.500429 -1.97899e-07)
(1 0.475936 -0.154641)
(1 0.404855 -0.294145)
(1 0.563145 0.409148)
(1 0.662016 0.215102)
(1 0.696085 -2.7527e-07)
(1 0.662016 -0.215102)
(1 0.563145 -0.409149)
(1 0.72211 0.524643)
(1 0.848892 0.275821)
(1 0.892578 -3.52982e-07)
(1 0.848892 -0.275822)
(1 0.72211 -0.524644)
)
;
        name            swirl;
        code            #{
            // Uncomment for testing on non-windows systems [fragile]
            // IOobject::scopeSeparator = '_';

            const vector axis(1, 0, 0);

            vectorField v(2.0*this->patch().Cf() ^ axis);
            v.replace(vector::X, 1.0);
            operator==(v);
        #};
    }
    outlet
    {
        type            inletOutlet;
        inletValue      uniform (1 0 0);
        value           nonuniform List<vector> 
25
(
(1.01472 0.000778956 0.000553415)
(1.01473 0.000932871 0.000278951)
(1.01473 0.000985458 -1.72426e-06)
(1.01473 0.000930469 -0.000279789)
(1.01473 0.000778586 -0.00055722)
(1.01457 0.00352871 0.00250394)
(1.01457 0.00422317 0.00128159)
(1.01458 0.00445977 2.48632e-07)
(1.01459 0.00421605 -0.00127486)
(1.01459 0.00352711 -0.00250902)
(1.01225 0.00817631 0.00580866)
(1.01223 0.00973428 0.00300568)
(1.01227 0.0102502 1.74343e-05)
(1.0123 0.009731 -0.00296637)
(1.01229 0.00817797 -0.0058031)
(1.00586 0.0145177 0.0104123)
(1.00582 0.0171546 0.00541992)
(1.00588 0.0180021 5.43272e-05)
(1.00595 0.0171771 -0.00530331)
(1.00594 0.0145647 -0.0103886)
(0.982374 0.0225017 0.0168805)
(0.982299 0.0265071 0.00918225)
(0.982404 0.0278741 0.00056363)
(0.98253 0.0268822 -0.00799144)
(0.982492 0.0231858 -0.0162745)
)
;
    }
    side1
    {
        type            cyclicAMI;
        value           nonuniform List<vector> 
250
(
(0.999835 0.0879743 0.0926891)
(0.999043 0.217998 0.212016)
(0.999367 0.350603 0.349229)
(1.00379 0.496658 0.478188)
(0.997755 0.534994 0.692403)
(1.00178 0.0857912 0.0909895)
(1.00366 0.222356 0.212411)
(0.999151 0.33882 0.362548)
(1.02677 0.54675 0.449826)
(0.977513 0.42396 0.705132)
(1.00385 0.0799567 0.0904105)
(1.00837 0.233433 0.207763)
(0.998288 0.315451 0.367882)
(1.02415 0.589361 0.455565)
(0.978886 0.343659 0.669817)
(1.00667 0.0767133 0.0878963)
(1.01166 0.241329 0.21316)
(1.00519 0.310604 0.359623)
(1.01837 0.607278 0.487634)
(0.978616 0.302293 0.608615)
(1.01107 0.0766501 0.0843581)
(1.01419 0.240198 0.222947)
(1.01189 0.318071 0.346668)
(1.01093 0.600006 0.527238)
(0.978521 0.293563 0.540718)
(1.01184 0.0798189 0.0791977)
(1.01311 0.229932 0.234953)
(1.0164 0.336523 0.330881)
(1.00485 0.56991 0.559924)
(0.981558 0.307437 0.477065)
(1.01013 0.0878165 0.0757192)
(1.0095 0.212698 0.243322)
(1.01564 0.358271 0.321579)
(0.999685 0.526861 0.571938)
(0.986951 0.332275 0.42996)
(1.00292 0.0934241 0.0772095)
(1.00235 0.194769 0.238271)
(1.01232 0.375835 0.323412)
(0.995124 0.484875 0.562099)
(0.995837 0.354198 0.400637)
(0.992685 0.0934876 0.0820347)
(0.993186 0.183723 0.224821)
(1.00997 0.383818 0.334692)
(0.99142 0.45418 0.537512)
(1.00381 0.369241 0.388939)
(0.983574 0.0840926 0.0730226)
(0.986543 0.186443 0.209617)
(1.0066 0.379246 0.349649)
(0.990079 0.437026 0.505675)
(1.01077 0.369994 0.391088)
(0.971664 0.0761675 0.0695366)
(0.982138 0.195349 0.202011)
(1.00006 0.366121 0.35935)
(0.991875 0.429961 0.475637)
(1.01528 0.364361 0.396983)
(0.963463 0.0752381 0.0704866)
(0.976673 0.202953 0.201744)
(0.991699 0.349939 0.360037)
(0.996556 0.427207 0.450944)
(1.01921 0.351285 0.404906)
(0.956038 0.0752116 0.0709455)
(0.969525 0.206115 0.202992)
(0.983458 0.334814 0.353468)
(1.00276 0.425959 0.433149)
(1.02216 0.336363 0.409024)
(0.950303 0.0744891 0.0702966)
(0.961718 0.205305 0.202211)
(0.976398 0.322453 0.342553)
(1.00791 0.423519 0.420587)
(1.02529 0.32239 0.408948)
(0.947776 0.0730172 0.0687648)
(0.954424 0.202107 0.198749)
(0.971021 0.312627 0.330913)
(1.01069 0.419076 0.410296)
(1.02882 0.310316 0.405498)
(0.948645 0.0709907 0.0668002)
(0.949172 0.197896 0.193453)
(0.967348 0.304219 0.319836)
(1.01079 0.412238 0.398522)
(1.03241 0.300897 0.401078)
(0.952474 0.0682315 0.064415)
(0.947468 0.192427 0.18684)
(0.965868 0.296063 0.308871)
(1.0091 0.402904 0.383648)
(1.0348 0.29453 0.397798)
(0.958001 0.0651833 0.0618604)
(0.949743 0.185534 0.179244)
(0.966535 0.287492 0.297455)
(1.00687 0.391777 0.36755)
(1.03494 0.290258 0.395012)
(0.964127 0.0620404 0.0592067)
(0.95501 0.177411 0.171215)
(0.968994 0.277843 0.285307)
(1.0049 0.379295 0.351698)
(1.03277 0.286911 0.392033)
(0.970068 0.0589844 0.0565374)
(0.961376 0.168911 0.163475)
(0.972468 0.267348 0.273211)
(1.00354 0.366542 0.337183)
(1.0292 0.28282 0.387905)
(0.975462 0.0560271 0.0538421)
(0.967262 0.160878 0.156236)
(0.976358 0.256481 0.261736)
(1.00282 0.353677 0.323749)
(1.02509 0.277813 0.382232)
(0.980197 0.05313 0.0511609)
(0.972426 0.153355 0.149227)
(0.980132 0.245705 0.2508)
(1.00252 0.340825 0.311113)
(1.02095 0.271955 0.375048)
(0.984326 0.0502799 0.0485195)
(0.977023 0.145963 0.142293)
(0.983574 0.23506 0.240009)
(1.00245 0.327943 0.298954)
(1.01707 0.265467 0.366527)
(0.987999 0.0474692 0.045909)
(0.981129 0.138656 0.135414)
(0.986651 0.224566 0.229274)
(1.00247 0.315004 0.287107)
(1.01351 0.258652 0.357022)
(0.991295 0.0446977 0.0433103)
(0.984818 0.131438 0.128569)
(0.989383 0.214247 0.218661)
(1.00259 0.302034 0.275432)
(1.01039 0.25161 0.346772)
(0.99419 0.0419564 0.0407265)
(0.988069 0.124294 0.121765)
(0.991747 0.20409 0.208126)
(1.00268 0.289064 0.263903)
(1.00754 0.244504 0.335966)
(0.996801 0.0392201 0.038149)
(0.990992 0.117164 0.114979)
(0.993841 0.193968 0.197632)
(1.00279 0.276013 0.25247)
(1.00506 0.237279 0.324769)
(0.999135 0.0365103 0.0355694)
(0.993617 0.110093 0.108191)
(0.995704 0.183936 0.187126)
(1.00289 0.262982 0.241067)
(1.00282 0.229975 0.313102)
(1.00123 0.0337902 0.0329857)
(0.995956 0.102991 0.101378)
(0.997304 0.173842 0.176618)
(1.00297 0.249892 0.229671)
(1.00084 0.22243 0.30121)
(1.00314 0.0311047 0.0304066)
(0.998095 0.0959795 0.0945816)
(0.998788 0.163842 0.166227)
(1.00308 0.236941 0.218324)
(0.999101 0.21441 0.288804)
(1.00485 0.0284111 0.0278368)
(1.00002 0.0889201 0.0877663)
(1.0001 0.153748 0.155707)
(1.00308 0.223588 0.206938)
(0.997488 0.206458 0.27593)
(1.00639 0.0257609 0.0252719)
(1.00171 0.0818959 0.0808848)
(1.0012 0.143613 0.145147)
(1.00311 0.210116 0.195367)
(0.996133 0.198115 0.262531)
(1.00775 0.0231491 0.0227538)
(1.00326 0.0748702 0.0740028)
(1.0022 0.133341 0.134499)
(1.0031 0.196537 0.183749)
(0.99483 0.189184 0.248629)
(1.00898 0.0205892 0.0202934)
(1.00469 0.0678431 0.0671184)
(1.00309 0.122784 0.123546)
(1.00305 0.182315 0.171611)
(0.993694 0.18023 0.233597)
(1.01012 0.0181317 0.0179133)
(1.00615 0.060935 0.0603225)
(1.00412 0.112061 0.112523)
(1.00321 0.167826 0.158837)
(0.992426 0.170234 0.217721)
(1.01111 0.0158118 0.0156358)
(1.00756 0.0541819 0.0536511)
(1.00524 0.101215 0.101395)
(1.00339 0.152957 0.145515)
(0.991103 0.159575 0.201305)
(1.01197 0.0136276 0.0135054)
(1.00887 0.0476244 0.0472035)
(1.00632 0.0903186 0.0902937)
(1.00356 0.137635 0.131793)
(0.989855 0.14851 0.18392)
(1.0127 0.0116131 0.0115117)
(1.01012 0.0413772 0.0410086)
(1.00747 0.0797246 0.0795133)
(1.00394 0.122902 0.118124)
(0.988447 0.136586 0.16655)
(1.01327 0.0097611 0.00969701)
(1.01122 0.0354763 0.0351995)
(1.00856 0.0694829 0.0692085)
(1.00432 0.108372 0.104666)
(0.987113 0.124375 0.149184)
(1.01373 0.00811312 0.00806658)
(1.01216 0.0300692 0.0298512)
(1.00951 0.0598361 0.0595395)
(1.00467 0.0943185 0.0915921)
(0.985994 0.112041 0.131827)
(1.01406 0.00666504 0.0066333)
(1.0129 0.0251917 0.0250262)
(1.01032 0.0509462 0.0506702)
(1.00501 0.0812564 0.0792666)
(0.984917 0.0996051 0.115277)
(1.01429 0.00540728 0.00539536)
(1.01346 0.020854 0.02075)
(1.01094 0.0428394 0.0426102)
(1.00528 0.069112 0.0677449)
(0.984144 0.0875611 0.0995042)
(1.01447 0.00433797 0.00432925)
(1.01389 0.0170631 0.0169877)
(1.01146 0.0355888 0.0354124)
(1.00554 0.0581007 0.0571664)
(0.983474 0.0757485 0.0847606)
(1.01457 0.00343856 0.00343753)
(1.01418 0.0138029 0.013762)
(1.01181 0.0292334 0.0291148)
(1.00571 0.0483284 0.0477224)
(0.983033 0.0648878 0.0716045)
(1.01463 0.00269075 0.0026917)
(1.01437 0.0110236 0.010998)
(1.01202 0.0236851 0.023601)
(1.00579 0.0395611 0.0392081)
(0.982834 0.0545771 0.0592356)
(1.01468 0.00208437 0.00208241)
(1.01449 0.00871642 0.00869038)
(1.01218 0.0190231 0.0189436)
(1.00587 0.0321953 0.0319615)
(0.982595 0.0457541 0.0488958)
(1.0147 0.0015852 0.00158699)
(1.01456 0.00676691 0.00675738)
(1.01227 0.0149788 0.0149307)
(1.00593 0.0256197 0.0254741)
(0.98248 0.0370816 0.0391587)
(1.01471 0.00120166 0.00120076)
(1.01458 0.00523419 0.00522565)
(1.0123 0.0117744 0.0117435)
(1.00593 0.020453 0.0203717)
(0.982414 0.0305317 0.0319273)
(1.01471 0.000883301 0.000882239)
(1.01459 0.00392291 0.00391713)
(1.0123 0.00892962 0.00890866)
(1.00592 0.0156158 0.0155607)
(0.982438 0.0235237 0.0242865)
(1.01472 0.000668088 0.000666)
(1.01458 0.00301887 0.00301552)
(1.01227 0.0069897 0.00699331)
(1.0059 0.0124531 0.0124885)
(0.982433 0.0193881 0.0200331)
)
;
    }
    side2
    {
        type            cyclicAMI;
        value           nonuniform List<vector> 
250
(
(0.999835 0.0926891 -0.0879743)
(0.999043 0.212017 -0.217998)
(0.999367 0.349229 -0.350603)
(1.00379 0.478189 -0.496658)
(0.997755 0.692403 -0.534993)
(1.00178 0.0909896 -0.0857912)
(1.00366 0.212412 -0.222356)
(0.999151 0.362549 -0.33882)
(1.02677 0.449827 -0.54675)
(0.977513 0.705132 -0.42396)
(1.00385 0.0904105 -0.0799567)
(1.00837 0.207764 -0.233433)
(0.998288 0.367882 -0.315451)
(1.02415 0.455566 -0.58936)
(0.978886 0.669817 -0.343659)
(1.00667 0.0878963 -0.0767133)
(1.01166 0.21316 -0.241329)
(1.00519 0.359624 -0.310605)
(1.01837 0.487635 -0.607278)
(0.978616 0.608615 -0.302292)
(1.01107 0.0843581 -0.07665)
(1.01419 0.222947 -0.240198)
(1.01189 0.346668 -0.318071)
(1.01093 0.527238 -0.600005)
(0.978521 0.540718 -0.293563)
(1.01184 0.0791978 -0.0798188)
(1.01311 0.234954 -0.229931)
(1.0164 0.330881 -0.336523)
(1.00485 0.559924 -0.569909)
(0.981558 0.477065 -0.307436)
(1.01013 0.0757193 -0.0878165)
(1.0095 0.243323 -0.212698)
(1.01564 0.321579 -0.358271)
(0.999685 0.571939 -0.526861)
(0.986951 0.42996 -0.332274)
(1.00292 0.0772095 -0.0934241)
(1.00235 0.238271 -0.194769)
(1.01232 0.323413 -0.375835)
(0.995124 0.562099 -0.484875)
(0.995837 0.400637 -0.354198)
(0.992685 0.0820348 -0.0934875)
(0.993186 0.224821 -0.183723)
(1.00997 0.334693 -0.383818)
(0.99142 0.537512 -0.45418)
(1.00381 0.388939 -0.369241)
(0.983574 0.0730226 -0.0840925)
(0.986543 0.209617 -0.186443)
(1.0066 0.34965 -0.379246)
(0.990079 0.505675 -0.437026)
(1.01077 0.391089 -0.369994)
(0.971664 0.0695367 -0.0761675)
(0.982138 0.202011 -0.195349)
(1.00006 0.359351 -0.366121)
(0.991875 0.475638 -0.429961)
(1.01528 0.396983 -0.36436)
(0.963463 0.0704866 -0.0752381)
(0.976673 0.201744 -0.202953)
(0.991699 0.360038 -0.349939)
(0.996556 0.450944 -0.427206)
(1.01921 0.404906 -0.351285)
(0.956038 0.0709456 -0.0752116)
(0.969525 0.202992 -0.206115)
(0.983458 0.353469 -0.334814)
(1.00276 0.433149 -0.425959)
(1.02216 0.409024 -0.336363)
(0.950303 0.0702966 -0.0744891)
(0.961718 0.202212 -0.205305)
(0.976398 0.342554 -0.322453)
(1.00791 0.420587 -0.423518)
(1.02529 0.408948 -0.322389)
(0.947776 0.0687648 -0.0730172)
(0.954424 0.198749 -0.202107)
(0.971021 0.330913 -0.312627)
(1.01069 0.410297 -0.419076)
(1.02882 0.405498 -0.310316)
(0.948645 0.0668003 -0.0709907)
(0.949172 0.193453 -0.197896)
(0.967348 0.319836 -0.304219)
(1.01079 0.398522 -0.412237)
(1.03241 0.401078 -0.300896)
(0.952474 0.0644151 -0.0682315)
(0.947468 0.186841 -0.192427)
(0.965868 0.308871 -0.296063)
(1.0091 0.383649 -0.402903)
(1.0348 0.397798 -0.29453)
(0.958001 0.0618604 -0.0651833)
(0.949743 0.179244 -0.185534)
(0.966535 0.297455 -0.287492)
(1.00687 0.36755 -0.391777)
(1.03494 0.395012 -0.290258)
(0.964127 0.0592068 -0.0620404)
(0.95501 0.171216 -0.177411)
(0.968994 0.285307 -0.277843)
(1.0049 0.351698 -0.379295)
(1.03277 0.392033 -0.286911)
(0.970068 0.0565375 -0.0589844)
(0.961376 0.163475 -0.168911)
(0.972468 0.273211 -0.267348)
(1.00354 0.337184 -0.366542)
(1.0292 0.387905 -0.282819)
(0.975462 0.0538421 -0.0560271)
(0.967262 0.156236 -0.160877)
(0.976358 0.261737 -0.256481)
(1.00282 0.323749 -0.353677)
(1.02509 0.382232 -0.277812)
(0.980197 0.051161 -0.05313)
(0.972426 0.149227 -0.153355)
(0.980132 0.250801 -0.245705)
(1.00252 0.311114 -0.340824)
(1.02095 0.375049 -0.271955)
(0.984326 0.0485196 -0.0502798)
(0.977023 0.142293 -0.145963)
(0.983574 0.240009 -0.23506)
(1.00245 0.298954 -0.327942)
(1.01707 0.366527 -0.265466)
(0.987999 0.045909 -0.0474691)
(0.981129 0.135414 -0.138656)
(0.986651 0.229274 -0.224566)
(1.00247 0.287108 -0.315003)
(1.01351 0.357022 -0.258652)
(0.991295 0.0433103 -0.0446977)
(0.984818 0.12857 -0.131438)
(0.989383 0.218661 -0.214247)
(1.00259 0.275433 -0.302034)
(1.01039 0.346773 -0.25161)
(0.99419 0.0407265 -0.0419564)
(0.988069 0.121765 -0.124294)
(0.991747 0.208126 -0.20409)
(1.00268 0.263903 -0.289064)
(1.00754 0.335966 -0.244504)
(0.996801 0.0381491 -0.0392201)
(0.990992 0.114979 -0.117164)
(0.993841 0.197632 -0.193968)
(1.00279 0.25247 -0.276013)
(1.00506 0.324769 -0.237279)
(0.999135 0.0355694 -0.0365103)
(0.993617 0.108191 -0.110093)
(0.995704 0.187126 -0.183936)
(1.00289 0.241068 -0.262982)
(1.00282 0.313102 -0.229975)
(1.00123 0.0329857 -0.0337901)
(0.995956 0.101379 -0.102991)
(0.997304 0.176618 -0.173842)
(1.00297 0.229671 -0.249892)
(1.00084 0.30121 -0.22243)
(1.00314 0.0304066 -0.0311047)
(0.998095 0.0945817 -0.0959795)
(0.998788 0.166227 -0.163842)
(1.00308 0.218325 -0.236941)
(0.999101 0.288804 -0.21441)
(1.00485 0.0278368 -0.028411)
(1.00002 0.0877664 -0.0889201)
(1.0001 0.155707 -0.153748)
(1.00308 0.206938 -0.223588)
(0.997488 0.27593 -0.206458)
(1.00639 0.0252719 -0.0257609)
(1.00171 0.0808849 -0.0818959)
(1.0012 0.145147 -0.143613)
(1.00311 0.195367 -0.210116)
(0.996133 0.262531 -0.198115)
(1.00775 0.0227539 -0.0231491)
(1.00326 0.0740029 -0.0748702)
(1.0022 0.134499 -0.133341)
(1.0031 0.183749 -0.196537)
(0.99483 0.248629 -0.189184)
(1.00898 0.0202935 -0.0205892)
(1.00469 0.0671184 -0.0678431)
(1.00309 0.123546 -0.122784)
(1.00305 0.171611 -0.182315)
(0.993694 0.233597 -0.18023)
(1.01012 0.0179133 -0.0181317)
(1.00615 0.0603226 -0.060935)
(1.00412 0.112523 -0.112061)
(1.00321 0.158838 -0.167826)
(0.992426 0.217721 -0.170234)
(1.01111 0.0156358 -0.0158117)
(1.00756 0.0536511 -0.0541819)
(1.00524 0.101395 -0.101215)
(1.00339 0.145515 -0.152957)
(0.991103 0.201305 -0.159575)
(1.01197 0.0135054 -0.0136276)
(1.00887 0.0472036 -0.0476244)
(1.00632 0.0902938 -0.0903186)
(1.00356 0.131793 -0.137635)
(0.989855 0.18392 -0.14851)
(1.0127 0.0115117 -0.011613)
(1.01012 0.0410086 -0.0413772)
(1.00747 0.0795134 -0.0797246)
(1.00394 0.118124 -0.122902)
(0.988447 0.16655 -0.136586)
(1.01327 0.00969702 -0.0097611)
(1.01122 0.0351996 -0.0354763)
(1.00856 0.0692086 -0.0694829)
(1.00432 0.104667 -0.108372)
(0.987113 0.149185 -0.124375)
(1.01373 0.00806659 -0.00811312)
(1.01216 0.0298512 -0.0300692)
(1.00951 0.0595395 -0.0598362)
(1.00467 0.0915922 -0.0943185)
(0.985994 0.131827 -0.112041)
(1.01406 0.0066333 -0.00666504)
(1.0129 0.0250263 -0.0251917)
(1.01032 0.0506703 -0.0509462)
(1.00501 0.0792667 -0.0812564)
(0.984917 0.115277 -0.0996051)
(1.01429 0.00539536 -0.00540728)
(1.01346 0.02075 -0.020854)
(1.01094 0.0426103 -0.0428394)
(1.00528 0.067745 -0.069112)
(0.984144 0.0995043 -0.0875611)
(1.01447 0.00432925 -0.00433797)
(1.01389 0.0169877 -0.0170631)
(1.01146 0.0354125 -0.0355889)
(1.00554 0.0571665 -0.0581007)
(0.983474 0.0847607 -0.0757485)
(1.01457 0.00343753 -0.00343856)
(1.01418 0.013762 -0.0138029)
(1.01181 0.0291149 -0.0292334)
(1.00571 0.0477225 -0.0483284)
(0.983033 0.0716045 -0.0648877)
(1.01463 0.0026917 -0.00269075)
(1.01437 0.010998 -0.0110236)
(1.01202 0.023601 -0.0236851)
(1.00579 0.0392082 -0.0395611)
(0.982834 0.0592356 -0.0545771)
(1.01468 0.00208241 -0.00208436)
(1.01449 0.00869039 -0.00871642)
(1.01218 0.0189437 -0.0190232)
(1.00587 0.0319615 -0.0321953)
(0.982595 0.0488959 -0.045754)
(1.0147 0.00158699 -0.0015852)
(1.01456 0.00675739 -0.00676691)
(1.01227 0.0149307 -0.0149788)
(1.00593 0.0254742 -0.0256197)
(0.98248 0.0391587 -0.0370816)
(1.01471 0.00120076 -0.00120166)
(1.01458 0.00522565 -0.00523419)
(1.0123 0.0117435 -0.0117744)
(1.00593 0.0203718 -0.020453)
(0.982414 0.0319273 -0.0305317)
(1.01471 0.000882239 -0.000883301)
(1.01459 0.00391713 -0.00392291)
(1.0123 0.00890867 -0.00892962)
(1.00592 0.0155607 -0.0156159)
(0.982438 0.0242866 -0.0235236)
(1.01472 0.000666001 -0.000668088)
(1.01458 0.00301553 -0.00301887)
(1.01227 0.00699332 -0.00698971)
(1.0059 0.0124885 -0.0124531)
(0.982433 0.0200331 -0.0193881)
)
;
    }
    walls
    {
        type            noSlip;
    }
}


// ************************************************************************* //
