/*--------------------------------*- C++ -*----------------------------------*\
| =========                 |                                                 |
| \\      /  F ield         | OpenFOAM: The Open Source CFD Toolbox           |
|  \\    /   O peration     | Version:  v2006                                 |
|   \\  /    A nd           | Website:  www.openfoam.com                      |
|    \\/     M anipulation  |                                                 |
\*---------------------------------------------------------------------------*/
FoamFile
{
    version     2.0;
    format      ascii;
    class       volVectorField;
    location    "100";
    object      U:Transformed;
}
// * * * * * * * * * * * * * * * * * * * * * * * * * * * * * * * * * * * * * //

dimensions      [0 1 -1 0 0 0 0];


internalField   nonuniform List<vector> 
1250
(
(0.00337453 -0.12934 0.999834)
(0.00372342 -0.126563 1.00178)
(0.00748725 -0.121965 1.00385)
(0.00800481 -0.117848 1.00667)
(0.00551381 -0.115273 1.01107)
(-0.000436963 -0.113842 1.01183)
(-0.00868388 -0.117063 1.01012)
(-0.011594 -0.122168 1.00293)
(-0.00808107 -0.12572 0.992643)
(-0.00797189 -0.1125 0.983561)
(-0.0047458 -0.104311 0.971653)
(-0.0033851 -0.104329 0.963456)
(-0.00304949 -0.104637 0.956034)
(-0.00301298 -0.103651 0.950301)
(-0.00306806 -0.1015 0.947777)
(-0.00303536 -0.0986415 0.948648)
(-0.00277594 -0.0949598 0.95248)
(-0.00242745 -0.0909474 0.958007)
(-0.00207868 -0.0867976 0.964133)
(-0.00180225 -0.0826983 0.970073)
(-0.00161454 -0.0786538 0.975466)
(-0.00146134 -0.0746599 0.980201)
(-0.00131358 -0.0707287 0.984329)
(-0.00117205 -0.0668486 0.988002)
(-0.00104995 -0.0630038 0.991298)
(-0.000938836 -0.0591913 0.994192)
(-0.000827123 -0.0553877 0.996803)
(-0.000735563 -0.0516007 0.999137)
(-0.000639656 -0.0478043 1.00123)
(-0.000564897 -0.0440351 1.00314)
(-0.000477275 -0.0402675 1.00485)
(-0.000416635 -0.0365329 1.00639)
(-0.00035145 -0.0328593 1.00775)
(-0.000288231 -0.029264 1.00898)
(-0.000247246 -0.0258013 1.01013)
(-0.000222038 -0.0225142 1.01112)
(-0.000171066 -0.0194265 1.01197)
(-0.000139243 -0.0165552 1.0127)
(-0.000101596 -0.0139302 1.01327)
(-8.2672e-05 -0.0115832 1.01373)
(-6.74434e-05 -0.0095205 1.01406)
(-4.87767e-05 -0.00773451 1.01429)
(-4.16314e-05 -0.00620563 1.01447)
(-3.12352e-05 -0.00492362 1.01457)
(-2.50222e-05 -0.00385443 1.01463)
(-2.26695e-05 -0.00298391 1.01468)
(-1.60608e-05 -0.00227197 1.0147)
(-1.45141e-05 -0.0017206 1.01471)
(-1.16053e-05 -0.00126463 1.01471)
(-1.0136e-05 -0.000955478 1.01472)
(0.00337819 -0.129339 0.999832)
(0.00372335 -0.126561 1.00179)
(0.00747224 -0.121966 1.00385)
(0.00801376 -0.117852 1.00667)
(0.00551465 -0.11525 1.01107)
(-0.000403172 -0.11386 1.01184)
(-0.00878071 -0.11709 1.01011)
(-0.0114275 -0.122175 1.00295)
(-0.0085481 -0.125675 0.992718)
(-0.0081902 -0.112416 0.983554)
(-0.00477164 -0.104297 0.971665)
(-0.00337006 -0.104303 0.963473)
(-0.00306198 -0.104621 0.956052)
(-0.00305134 -0.103653 0.950314)
(-0.00312292 -0.101515 0.947779)
(-0.00311255 -0.0986682 0.948637)
(-0.00286567 -0.0950019 0.952457)
(-0.00252287 -0.0909985 0.957977)
(-0.00217324 -0.0868529 0.964099)
(-0.00189545 -0.0827566 0.970039)
(-0.00171026 -0.0787169 0.975437)
(-0.00155967 -0.0747212 0.980175)
(-0.0014133 -0.0707911 0.984306)
(-0.00127283 -0.066914 0.987981)
(-0.00115318 -0.0630702 0.991279)
(-0.00104493 -0.0592587 0.994174)
(-0.000935656 -0.0554586 0.996786)
(-0.000847218 -0.0516731 0.999122)
(-0.000753676 -0.0478807 1.00122)
(-0.000682261 -0.0441138 1.00312)
(-0.00059641 -0.0403506 1.00484)
(-0.000539035 -0.0366166 1.00638)
(-0.000478624 -0.032946 1.00774)
(-0.000431203 -0.0293633 1.00897)
(-0.000417173 -0.0259167 1.01013)
(-0.000390507 -0.0226287 1.01111)
(-0.00031298 -0.0195352 1.01197)
(-0.000253122 -0.0166532 1.0127)
(-0.000195716 -0.0140217 1.01326)
(-0.000164548 -0.0116677 1.01372)
(-0.000140042 -0.00959818 1.01405)
(-0.000112399 -0.00780617 1.01429)
(-9.71014e-05 -0.00626909 1.01447)
(-7.84155e-05 -0.00497962 1.01457)
(-6.44686e-05 -0.00390272 1.01463)
(-5.52291e-05 -0.00302431 1.01468)
(-4.22227e-05 -0.00230577 1.0147)
(-3.54623e-05 -0.00174792 1.01471)
(-2.77527e-05 -0.00128647 1.01471)
(-2.29743e-05 -0.000973414 1.01473)
(0.00337636 -0.129339 0.999833)
(0.00372305 -0.12656 1.00179)
(0.00747715 -0.121968 1.00385)
(0.00801532 -0.117849 1.00667)
(0.00550468 -0.115266 1.01107)
(-0.000425326 -0.113843 1.01185)
(-0.00873068 -0.117085 1.01012)
(-0.0115012 -0.122186 1.00294)
(-0.0083835 -0.125647 0.992746)
(-0.00803522 -0.112562 0.983612)
(-0.00479483 -0.104324 0.971712)
(-0.00340836 -0.104291 0.963513)
(-0.00306843 -0.10462 0.956083)
(-0.00302047 -0.10367 0.95033)
(-0.00306598 -0.101543 0.947774)
(-0.00302944 -0.0987093 0.94861)
(-0.00276123 -0.0950521 0.952413)
(-0.00240566 -0.0910551 0.957923)
(-0.0020514 -0.0869108 0.964044)
(-0.00177127 -0.082816 0.969989)
(-0.00158403 -0.078773 0.975394)
(-0.00142934 -0.07478 0.980136)
(-0.00127763 -0.0708511 0.984271)
(-0.00113137 -0.0669738 0.987949)
(-0.00100651 -0.0631317 0.99125)
(-0.00089278 -0.0593226 0.994148)
(-0.000777201 -0.0555236 0.996763)
(-0.000683173 -0.0517406 0.999101)
(-0.00058369 -0.0479494 1.0012)
(-0.000507685 -0.0441857 1.00311)
(-0.000418522 -0.0404237 1.00482)
(-0.000361748 -0.0366929 1.00636)
(-0.000303227 -0.0330248 1.00773)
(-0.000250782 -0.0294424 1.00896)
(-0.000218742 -0.0259979 1.01011)
(-0.000176416 -0.0227194 1.0111)
(-0.000116528 -0.0196228 1.01196)
(-8.65917e-05 -0.0167329 1.01269)
(-5.07584e-05 -0.0140924 1.01326)
(-3.47771e-05 -0.0117321 1.01372)
(-2.32992e-05 -0.00965691 1.01405)
(-8.41492e-06 -0.00785828 1.01429)
(-6.72469e-06 -0.00631537 1.01447)
(-1.04169e-06 -0.00501941 1.01457)
(4.7579e-07 -0.00393637 1.01464)
(-1.68386e-06 -0.00305246 1.01468)
(1.24137e-06 -0.00232868 1.0147)
(-7.75315e-07 -0.00176651 1.01471)
(-7.44704e-07 -0.00130099 1.01472)
(-1.72387e-06 -0.000985458 1.01473)
(0.0033759 -0.129341 0.999835)
(0.0037224 -0.126561 1.00179)
(0.00747664 -0.121968 1.00385)
(0.00801131 -0.117848 1.00667)
(0.00552092 -0.115269 1.01107)
(-0.000431811 -0.113848 1.01185)
(-0.0087408 -0.117091 1.01012)
(-0.0115254 -0.122215 1.00293)
(-0.0083201 -0.125557 0.992765)
(-0.00782926 -0.112524 0.9836)
(-0.00477058 -0.104336 0.971693)
(-0.0034377 -0.104307 0.963487)
(-0.00306457 -0.104628 0.956057)
(-0.00297862 -0.103668 0.950313)
(-0.00299617 -0.101532 0.947774)
(-0.00292678 -0.09869 0.948631)
(-0.00263573 -0.0950209 0.952451)
(-0.00226839 -0.0910177 0.957971)
(-0.00191161 -0.0868696 0.964094)
(-0.00163134 -0.0827728 0.970037)
(-0.00144063 -0.0787249 0.975437)
(-0.00128125 -0.0747308 0.980174)
(-0.00112517 -0.0707997 0.984306)
(-0.000974498 -0.0669187 0.987981)
(-0.000844608 -0.0630746 0.991279)
(-0.00072531 -0.0592633 0.994175)
(-0.000603999 -0.0554605 0.996788)
(-0.000504062 -0.0516748 0.999124)
(-0.000399034 -0.0478789 1.00122)
(-0.000317254 -0.0441121 1.00313)
(-0.000224011 -0.0403454 1.00484)
(-0.000163326 -0.036613 1.00638)
(-9.81813e-05 -0.0329433 1.00774)
(-2.11888e-05 -0.0293609 1.00897)
(5.57852e-05 -0.0259143 1.01011)
(9.78913e-05 -0.0226276 1.0111)
(0.000117218 -0.0195306 1.01196)
(0.000102982 -0.0166488 1.0127)
(0.000109047 -0.0140147 1.01327)
(0.000106342 -0.0116609 1.01373)
(0.000103087 -0.00959208 1.01406)
(0.000103686 -0.00779901 1.01429)
(9.11376e-05 -0.00626327 1.01447)
(8.2718e-05 -0.00497365 1.01457)
(7.08282e-05 -0.00389702 1.01464)
(5.64317e-05 -0.00301961 1.01468)
(4.83361e-05 -0.0023013 1.0147)
(3.68548e-05 -0.00174449 1.01471)
(2.8482e-05 -0.00128348 1.01471)
(2.14357e-05 -0.000971388 1.01473)
(0.00337617 -0.129341 0.999837)
(0.00372068 -0.126558 1.00178)
(0.00747971 -0.121973 1.00385)
(0.00800753 -0.117848 1.00667)
(0.00552393 -0.115267 1.01107)
(-0.000452388 -0.113842 1.01184)
(-0.00864341 -0.117101 1.01015)
(-0.0116193 -0.122148 1.0029)
(-0.0082932 -0.125567 0.992727)
(-0.00787503 -0.112479 0.983587)
(-0.00474893 -0.104314 0.971674)
(-0.00341692 -0.104321 0.96347)
(-0.00305851 -0.104635 0.956042)
(-0.0029918 -0.103663 0.950304)
(-0.00302334 -0.101517 0.947775)
(-0.00296817 -0.0986639 0.948641)
(-0.00269214 -0.0949824 0.952469)
(-0.00233451 -0.0909738 0.957995)
(-0.00198278 -0.0868243 0.964121)
(-0.00170574 -0.082726 0.970063)
(-0.00151761 -0.0786769 0.975458)
(-0.0013618 -0.074684 0.980193)
(-0.00121067 -0.0707527 0.984322)
(-0.00106539 -0.0668711 0.987996)
(-0.000940213 -0.0630271 0.991293)
(-0.000825913 -0.0592154 0.994188)
(-0.000710207 -0.0554113 0.996799)
(-0.000615431 -0.051625 0.999134)
(-0.000515915 -0.0478277 1.00123)
(-0.000438381 -0.0440594 1.00314)
(-0.000348687 -0.0402908 1.00485)
(-0.000287534 -0.0365585 1.00639)
(-0.000218891 -0.0328874 1.00775)
(-0.000140373 -0.0292969 1.00897)
(-7.11799e-05 -0.0258373 1.01012)
(-3.44758e-05 -0.0225435 1.0111)
(-7.59825e-06 -0.0194497 1.01197)
(-9.18982e-06 -0.0165764 1.0127)
(7.02653e-06 -0.013948 1.01327)
(1.35697e-05 -0.0115988 1.01373)
(1.97998e-05 -0.00953444 1.01406)
(2.99531e-05 -0.00774564 1.01429)
(2.75976e-05 -0.00621542 1.01447)
(2.85476e-05 -0.00493133 1.01457)
(2.5443e-05 -0.00386038 1.01464)
(1.90918e-05 -0.00298887 1.01468)
(1.80608e-05 -0.00227551 1.0147)
(1.27536e-05 -0.00172359 1.01471)
(9.7529e-06 -0.00126673 1.01471)
(6.84087e-06 -0.000957415 1.01473)
(-0.004282 -0.307856 0.999043)
(-0.00712095 -0.311259 1.00366)
(-0.0183697 -0.315862 1.00838)
(-0.0201454 -0.325374 1.01166)
(-0.0123571 -0.331573 1.01418)
(0.00354596 -0.332813 1.01313)
(0.0218957 -0.326574 1.0095)
(0.0311656 -0.3101 1.00231)
(0.0296481 -0.292365 0.993151)
(0.0166845 -0.28336 0.986544)
(0.00473348 -0.284364 0.982144)
(-0.000909317 -0.289701 0.976663)
(-0.00224804 -0.292905 0.969515)
(-0.0022119 -0.291763 0.961715)
(-0.00241912 -0.286979 0.954422)
(-0.00322151 -0.280165 0.949171)
(-0.00406488 -0.271511 0.947467)
(-0.00459766 -0.26113 0.949745)
(-0.00454915 -0.249562 0.955011)
(-0.00400371 -0.23792 0.961378)
(-0.00344643 -0.226973 0.967285)
(-0.00309242 -0.216581 0.972448)
(-0.00277348 -0.206331 0.977039)
(-0.00247164 -0.196179 0.981142)
(-0.00221029 -0.186114 0.984829)
(-0.00197246 -0.176128 0.988077)
(-0.00173132 -0.166167 0.990999)
(-0.00153433 -0.156245 0.993622)
(-0.00133365 -0.146287 0.99596)
(-0.00118777 -0.136401 0.998098)
(-0.00101968 -0.12647 1.00002)
(-0.000925588 -0.116514 1.00171)
(-0.000828735 -0.10656 1.00327)
(-0.000736529 -0.0966037 1.0047)
(-0.000670856 -0.0867867 1.00616)
(-0.000621732 -0.0771684 1.00757)
(-0.000537741 -0.0678634 1.00887)
(-0.000490365 -0.0589618 1.01012)
(-0.000412439 -0.0505859 1.01122)
(-0.000358389 -0.0428906 1.01215)
(-0.000306193 -0.0359493 1.01289)
(-0.000245525 -0.0297869 1.01345)
(-0.000207961 -0.024382 1.01389)
(-0.000164671 -0.0197415 1.01417)
(-0.000134558 -0.0157747 1.01436)
(-0.000116588 -0.0124718 1.01448)
(-8.9036e-05 -0.00969262 1.01455)
(-7.30725e-05 -0.00749751 1.01458)
(-5.81337e-05 -0.00562083 1.01459)
(-4.83937e-05 -0.00432656 1.01457)
(-0.00428328 -0.307855 0.999044)
(-0.00711397 -0.311258 1.00366)
(-0.0184082 -0.315873 1.00837)
(-0.0201532 -0.325385 1.01166)
(-0.0123315 -0.331519 1.0142)
(0.00366512 -0.332834 1.0131)
(0.0217221 -0.326482 1.00946)
(0.0311111 -0.309966 1.00238)
(0.0295189 -0.292447 0.993269)
(0.0164678 -0.283607 0.986592)
(0.00468949 -0.284618 0.982142)
(-0.000829792 -0.289812 0.976668)
(-0.00221003 -0.292874 0.969534)
(-0.00229243 -0.291648 0.961738)
(-0.00261442 -0.28688 0.954431)
(-0.00349489 -0.280064 0.949176)
(-0.00438086 -0.271412 0.947481)
(-0.00492737 -0.261058 0.949761)
(-0.00485835 -0.249528 0.955017)
(-0.00429128 -0.237902 0.961384)
(-0.00377702 -0.227012 0.967301)
(-0.00342873 -0.21664 0.972446)
(-0.00309955 -0.206397 0.977032)
(-0.00278983 -0.19625 0.981132)
(-0.00252303 -0.186188 0.984816)
(-0.00228263 -0.176207 0.988065)
(-0.00203797 -0.166253 0.990988)
(-0.00183969 -0.15634 0.993612)
(-0.0016378 -0.146392 0.995949)
(-0.00149576 -0.136519 0.998089)
(-0.00132923 -0.1266 1.00001)
(-0.00124004 -0.116653 1.00171)
(-0.00114456 -0.106699 1.00327)
(-0.00105555 -0.0967346 1.00471)
(-0.000998702 -0.0869466 1.00615)
(-0.000947172 -0.0774147 1.00753)
(-0.000844388 -0.068145 1.00884)
(-0.000776586 -0.05924 1.01009)
(-0.000673503 -0.050856 1.0112)
(-0.000596623 -0.0431559 1.01214)
(-0.000519576 -0.0362076 1.01288)
(-0.000433421 -0.0300356 1.01344)
(-0.000371819 -0.0246141 1.01388)
(-0.000303267 -0.0199537 1.01417)
(-0.000251022 -0.015964 1.01436)
(-0.000209872 -0.0126365 1.01448)
(-0.000164067 -0.00983363 1.01455)
(-0.00013226 -0.00761476 1.01458)
(-0.000104364 -0.00571626 1.01459)
(-8.61665e-05 -0.0044125 1.01457)
(-0.00428498 -0.307858 0.999043)
(-0.00711858 -0.311259 1.00367)
(-0.018368 -0.315857 1.00837)
(-0.0201853 -0.325363 1.01164)
(-0.0123609 -0.33159 1.0142)
(0.00366062 -0.332816 1.01312)
(0.0219115 -0.326513 1.00947)
(0.0311082 -0.30997 1.00239)
(0.0293224 -0.292411 0.993264)
(0.0163646 -0.283553 0.986592)
(0.00466882 -0.284567 0.982155)
(-0.000861521 -0.289807 0.976692)
(-0.00224136 -0.292903 0.969552)
(-0.00228486 -0.291726 0.961752)
(-0.00255077 -0.28698 0.954441)
(-0.00338773 -0.280184 0.949187)
(-0.00423656 -0.271557 0.947491)
(-0.004741 -0.261234 0.949759)
(-0.0046463 -0.249711 0.955008)
(-0.00409967 -0.238084 0.961368)
(-0.00359752 -0.227234 0.967233)
(-0.00321377 -0.216851 0.972383)
(-0.00285993 -0.206597 0.976979)
(-0.00253417 -0.196445 0.981086)
(-0.00225342 -0.18638 0.984778)
(-0.0019994 -0.176398 0.988033)
(-0.00174263 -0.166442 0.990962)
(-0.00152929 -0.156531 0.99359)
(-0.00131168 -0.146581 0.99593)
(-0.00115345 -0.136713 0.998073)
(-0.000972665 -0.126794 0.999999)
(-0.00086766 -0.11685 1.0017)
(-0.00076325 -0.106889 1.00326)
(-0.00066227 -0.0969474 1.00468)
(-0.000588661 -0.0872343 1.0061)
(-0.000520951 -0.0777154 1.00749)
(-0.0004225 -0.0684221 1.00882)
(-0.000367309 -0.0594962 1.01008)
(-0.000283574 -0.0510926 1.0112)
(-0.000228538 -0.0433778 1.01214)
(-0.000177449 -0.0364135 1.01288)
(-0.00012009 -0.0302225 1.01344)
(-8.94255e-05 -0.0247816 1.01388)
(-5.25892e-05 -0.0200995 1.01417)
(-3.26634e-05 -0.0160885 1.01436)
(-2.34401e-05 -0.0127392 1.01449)
(-7.12518e-06 -0.00991785 1.01456)
(-2.93813e-06 -0.00768276 1.01459)
(-5.30201e-07 -0.00576988 1.01459)
(2.50395e-07 -0.00445977 1.01458)
(-0.00428297 -0.307855 0.999042)
(-0.00712042 -0.31126 1.00366)
(-0.018383 -0.315869 1.00838)
(-0.0201459 -0.325392 1.01166)
(-0.012355 -0.331524 1.01419)
(0.00361669 -0.332841 1.0131)
(0.0216912 -0.32657 1.00949)
(0.0312658 -0.310038 1.0024)
(0.029556 -0.292341 0.993255)
(0.0164399 -0.283416 0.986592)
(0.00458604 -0.284535 0.982159)
(-0.000946647 -0.289839 0.976697)
(-0.00228415 -0.292929 0.969552)
(-0.00227179 -0.291747 0.961742)
(-0.00246288 -0.286994 0.954434)
(-0.00323675 -0.280213 0.949179)
(-0.00403836 -0.27159 0.94748)
(-0.00449342 -0.261259 0.949756)
(-0.00437669 -0.249727 0.955013)
(-0.00382708 -0.238112 0.961374)
(-0.0032722 -0.227239 0.967214)
(-0.00286992 -0.216843 0.972372)
(-0.00251219 -0.206582 0.976976)
(-0.00218332 -0.196425 0.981087)
(-0.00189771 -0.186358 0.984781)
(-0.00163635 -0.176375 0.988038)
(-0.00137267 -0.166415 0.990968)
(-0.00114805 -0.1565 0.993596)
(-0.000919489 -0.146542 0.995937)
(-0.000744927 -0.136668 0.998079)
(-0.000550228 -0.12674 1)
(-0.000427898 -0.116795 1.0017)
(-0.000308767 -0.106833 1.00325)
(-0.000184527 -0.0968764 1.00467)
(-7.99277e-05 -0.0871279 1.0061)
(1.08384e-06 -0.0775858 1.00752)
(8.57922e-05 -0.0682823 1.00884)
(0.000120474 -0.0593535 1.01011)
(0.000176765 -0.0509445 1.01122)
(0.000203868 -0.0432271 1.01215)
(0.000221431 -0.0362616 1.0129)
(0.000241195 -0.0300724 1.01346)
(0.000232747 -0.0246394 1.0139)
(0.000229466 -0.0199659 1.01418)
(0.000209683 -0.0159661 1.01437)
(0.000179735 -0.0126303 1.0145)
(0.000161213 -0.00982315 1.01456)
(0.00013322 -0.00760343 1.01459)
(0.000107203 -0.00570512 1.0146)
(9.0369e-05 -0.00440365 1.01459)
(-0.00428232 -0.307857 0.999043)
(-0.00711718 -0.311259 1.00367)
(-0.0183845 -0.31586 1.00836)
(-0.0201883 -0.325376 1.01167)
(-0.0123443 -0.331578 1.0142)
(0.00364026 -0.332844 1.01309)
(0.0219838 -0.326389 1.00949)
(0.0311481 -0.309943 1.00239)
(0.0291709 -0.29253 0.99322)
(0.0164443 -0.283698 0.986542)
(0.00476832 -0.284598 0.982132)
(-0.000832058 -0.289773 0.976683)
(-0.00221872 -0.292876 0.969534)
(-0.00221306 -0.291736 0.961721)
(-0.00239057 -0.286988 0.954425)
(-0.00314541 -0.280198 0.949173)
(-0.0039415 -0.271559 0.947469)
(-0.00441978 -0.261202 0.949741)
(-0.00433578 -0.24965 0.955008)
(-0.00379715 -0.238036 0.961374)
(-0.00322286 -0.227119 0.967239)
(-0.00283769 -0.21671 0.972405)
(-0.00250087 -0.206449 0.977006)
(-0.0021875 -0.19629 0.981116)
(-0.00191465 -0.186223 0.984807)
(-0.00166661 -0.176238 0.98806)
(-0.00141481 -0.166275 0.990986)
(-0.0012055 -0.156355 0.993612)
(-0.000991887 -0.146392 0.995952)
(-0.000830841 -0.136509 0.998092)
(-0.000649036 -0.126576 1.00001)
(-0.000539252 -0.116623 1.00171)
(-0.000429757 -0.106666 1.00326)
(-0.000317268 -0.0967062 1.00468)
(-0.000224909 -0.0869055 1.00614)
(-0.000159763 -0.0773045 1.00755)
(-8.43801e-05 -0.067987 1.00887)
(-5.46318e-05 -0.0590706 1.01012)
(1.85892e-06 -0.0506764 1.01123)
(3.39919e-05 -0.0429681 1.01216)
(5.9319e-05 -0.0360127 1.0129)
(8.88548e-05 -0.0298364 1.01346)
(9.38616e-05 -0.0244212 1.0139)
(0.000101687 -0.0197692 1.01418)
(9.50449e-05 -0.0157931 1.01437)
(7.76e-05 -0.0124827 1.01449)
(7.45617e-05 -0.00969795 1.01456)
(6.03758e-05 -0.00750047 1.01459)
(4.96776e-05 -0.00562194 1.01459)
(4.33437e-05 -0.00432826 1.01459)
(-0.000981608 -0.501025 0.999366)
(0.0169783 -0.502101 0.999158)
(0.0375198 -0.489312 0.998266)
(0.0351158 -0.479812 1.00519)
(0.0205292 -0.475784 1.01192)
(-0.00408084 -0.47785 1.01639)
(-0.0263065 -0.486818 1.01563)
(-0.0375269 -0.500633 1.01233)
(-0.0352059 -0.51442 1.00999)
(-0.0212064 -0.52192 1.00662)
(-0.00482096 -0.51951 1.00005)
(0.00731962 -0.508433 0.991664)
(0.013471 -0.49289 0.983422)
(0.0144745 -0.476177 0.976383)
(0.0131419 -0.460766 0.971022)
(0.0112034 -0.446792 0.967348)
(0.00917453 -0.433093 0.965857)
(0.00709923 -0.41878 0.966529)
(0.00527567 -0.403155 0.969001)
(0.00410433 -0.386975 0.972475)
(0.00364369 -0.370979 0.976354)
(0.00352248 -0.355428 0.980127)
(0.00341025 -0.340075 0.98357)
(0.0032281 -0.324868 0.986651)
(0.00300799 -0.309877 0.989385)
(0.00272779 -0.295058 0.99175)
(0.00244883 -0.280294 0.993844)
(0.00209761 -0.265587 0.995708)
(0.00178739 -0.25083 0.997309)
(0.00149038 -0.236227 0.998794)
(0.00116949 -0.221465 1.00011)
(0.000842821 -0.20664 1.00121)
(0.000550532 -0.191655 1.00222)
(0.000235058 -0.176252 1.00311)
(-1.63126e-05 -0.160681 1.00413)
(-0.000244013 -0.144947 1.00525)
(-0.000402946 -0.129205 1.00632)
(-0.000538674 -0.113912 1.00746)
(-0.000583226 -0.0992168 1.00855)
(-0.000591616 -0.0854049 1.0095)
(-0.000564725 -0.0727113 1.0103)
(-0.000509284 -0.0611546 1.01092)
(-0.000444869 -0.0508237 1.01144)
(-0.000369656 -0.0417793 1.01179)
(-0.000304721 -0.0338673 1.012)
(-0.00026451 -0.0272033 1.01216)
(-0.000212395 -0.021438 1.01225)
(-0.000169505 -0.0168619 1.01228)
(-0.000136506 -0.0127931 1.01229)
(-0.000106603 -0.010029 1.01225)
(-0.000980076 -0.501023 0.999368)
(0.017015 -0.50209 0.999156)
(0.0375249 -0.489186 0.998288)
(0.0350516 -0.479949 1.00515)
(0.0204218 -0.475898 1.0119)
(-0.00397488 -0.477712 1.01642)
(-0.0262247 -0.486707 1.01566)
(-0.0376071 -0.500649 1.01229)
(-0.0352626 -0.514408 1.00993)
(-0.0212856 -0.521766 1.00659)
(-0.00500357 -0.519263 1.00007)
(0.00703166 -0.508143 0.991724)
(0.013103 -0.49259 0.983507)
(0.0140807 -0.475934 0.97645)
(0.0127637 -0.460573 0.971077)
(0.0108032 -0.446624 0.967393)
(0.00870834 -0.432971 0.965899)
(0.00660396 -0.418636 0.966565)
(0.00476912 -0.403027 0.969016)
(0.0035928 -0.386865 0.972468)
(0.00314572 -0.370879 0.97635)
(0.00303264 -0.35533 0.980134)
(0.00292233 -0.339998 0.983577)
(0.00275048 -0.324816 0.986655)
(0.00252903 -0.309843 0.989387)
(0.00224933 -0.295036 0.991748)
(0.00196078 -0.280288 0.993841)
(0.001616 -0.265585 0.995703)
(0.00130184 -0.250846 0.997301)
(0.00100057 -0.236251 0.998785)
(0.000680499 -0.221511 1.0001)
(0.00033689 -0.206696 1.0012)
(2.95605e-05 -0.191723 1.00222)
(-0.000292379 -0.176347 1.00311)
(-0.000556235 -0.160817 1.00412)
(-0.000764955 -0.145127 1.00522)
(-0.000893563 -0.12944 1.00629)
(-0.000986377 -0.114182 1.00743)
(-0.000990185 -0.0995247 1.00851)
(-0.000960545 -0.0857353 1.00946)
(-0.000893269 -0.0730619 1.01026)
(-0.000794041 -0.0615085 1.01088)
(-0.000692954 -0.051165 1.01141)
(-0.000570166 -0.0420996 1.01176)
(-0.00047456 -0.034161 1.01198)
(-0.000386554 -0.0274603 1.01214)
(-0.000306373 -0.0216629 1.01224)
(-0.000236666 -0.0170503 1.01228)
(-0.000188269 -0.0129484 1.01229)
(-0.000149486 -0.0101867 1.01223)
(-0.000983005 -0.501023 0.999367)
(0.0169681 -0.502143 0.999141)
(0.0375917 -0.489185 0.998304)
(0.035103 -0.479779 1.0052)
(0.0204294 -0.475928 1.01189)
(-0.00409991 -0.477845 1.01638)
(-0.0262232 -0.486695 1.01565)
(-0.0375058 -0.500597 1.01234)
(-0.0351856 -0.514461 1.00994)
(-0.0212724 -0.521884 1.00657)
(-0.00501321 -0.519372 1.00007)
(0.0070386 -0.508259 0.991742)
(0.0131541 -0.492773 0.983527)
(0.0141712 -0.476132 0.97647)
(0.0128653 -0.46076 0.971083)
(0.0109039 -0.446789 0.967406)
(0.00880082 -0.433118 0.965928)
(0.00670637 -0.418798 0.966578)
(0.00488933 -0.403184 0.969016)
(0.00372712 -0.387015 0.972464)
(0.00333193 -0.371028 0.976375)
(0.00323792 -0.355493 0.980149)
(0.00312869 -0.340161 0.983584)
(0.00296 -0.324981 0.986652)
(0.00274252 -0.310004 0.989379)
(0.00247097 -0.295202 0.991738)
(0.00219056 -0.280442 0.993833)
(0.00185725 -0.265744 0.995692)
(0.00156279 -0.251001 0.997287)
(0.00127947 -0.236416 0.998771)
(0.000976139 -0.221675 1.00009)
(0.00065797 -0.206886 1.00118)
(0.000366956 -0.191927 1.00219)
(7.96039e-05 -0.176566 1.00308)
(-0.00014788 -0.161055 1.00408)
(-0.000325938 -0.145393 1.00519)
(-0.000441557 -0.129718 1.00626)
(-0.000524056 -0.114474 1.00741)
(-0.000519747 -0.099812 1.0085)
(-0.00049047 -0.0860199 1.00946)
(-0.000423662 -0.0733361 1.01027)
(-0.000339809 -0.0617599 1.01089)
(-0.000265407 -0.0513924 1.01142)
(-0.000173686 -0.0422942 1.01178)
(-0.000114312 -0.0343262 1.012)
(-7.24836e-05 -0.0275893 1.01217)
(-3.41247e-05 -0.0217657 1.01227)
(-3.87571e-06 -0.0171315 1.0123)
(1.56525e-06 -0.0130094 1.0123)
(1.74383e-05 -0.0102502 1.01227)
(-0.000981087 -0.501023 0.999366)
(0.0169996 -0.502073 0.999161)
(0.0374938 -0.489283 0.998264)
(0.035087 -0.479913 1.00517)
(0.0204947 -0.475812 1.01193)
(-0.00402982 -0.477762 1.01642)
(-0.0262578 -0.486764 1.01562)
(-0.0375943 -0.500625 1.01229)
(-0.0351603 -0.514404 1.00994)
(-0.0211495 -0.521826 1.0066)
(-0.00485513 -0.51938 1.00007)
(0.00715593 -0.508304 0.991723)
(0.0132242 -0.492714 0.983523)
(0.0142321 -0.475989 0.976463)
(0.012926 -0.46061 0.971064)
(0.0109886 -0.446682 0.967373)
(0.00892879 -0.433025 0.965892)
(0.00687324 -0.418702 0.96656)
(0.00510003 -0.403112 0.968992)
(0.00398483 -0.386958 0.972451)
(0.00361545 -0.370985 0.976359)
(0.00352997 -0.355467 0.980138)
(0.00343142 -0.340139 0.983577)
(0.00326969 -0.32497 0.986644)
(0.00306738 -0.310004 0.989374)
(0.00280934 -0.29521 0.991733)
(0.00255152 -0.280464 0.993828)
(0.0022312 -0.265775 0.995689)
(0.00195739 -0.251047 0.997285)
(0.0016976 -0.236472 0.998768)
(0.00141971 -0.221743 1.00008)
(0.00113682 -0.206962 1.00118)
(0.000889739 -0.192019 1.00217)
(0.000654978 -0.176658 1.00306)
(0.000494766 -0.161142 1.00408)
(0.000351743 -0.145468 1.0052)
(0.000248545 -0.129773 1.00628)
(0.000161856 -0.114502 1.00744)
(0.000159864 -0.0998094 1.00854)
(0.000174957 -0.0859856 1.00949)
(0.000219665 -0.0732651 1.01032)
(0.000260193 -0.0616633 1.01094)
(0.000281505 -0.0512833 1.01147)
(0.000314211 -0.0421718 1.01182)
(0.000315523 -0.0341982 1.01204)
(0.000289523 -0.0274653 1.0122)
(0.000270077 -0.0216521 1.01229)
(0.000239455 -0.0170309 1.01232)
(0.000195423 -0.012928 1.01231)
(0.000185858 -0.0101714 1.0123)
(-0.000985441 -0.501023 0.999367)
(0.0169891 -0.50215 0.999145)
(0.0375841 -0.489123 0.998309)
(0.0350674 -0.479841 1.00518)
(0.0203842 -0.475995 1.01187)
(-0.00398692 -0.477782 1.01641)
(-0.0262007 -0.486636 1.01565)
(-0.0375256 -0.50058 1.01232)
(-0.0351289 -0.514386 1.00996)
(-0.0211443 -0.521753 1.00659)
(-0.00483185 -0.519249 1.00007)
(0.00718883 -0.508121 0.991733)
(0.0132868 -0.492593 0.983494)
(0.0143367 -0.475985 0.976414)
(0.0130566 -0.460668 0.97102)
(0.0111639 -0.44675 0.967348)
(0.00916747 -0.433075 0.965879)
(0.00716722 -0.418782 0.966541)
(0.00540366 -0.403206 0.968986)
(0.00427977 -0.387048 0.972461)
(0.00386865 -0.371062 0.976362)
(0.00375862 -0.355526 0.980136)
(0.00365843 -0.340187 0.983579)
(0.0034912 -0.325001 0.986652)
(0.00328932 -0.310023 0.989382)
(0.00302687 -0.295217 0.991744)
(0.00277112 -0.280467 0.993837)
(0.00244098 -0.26577 0.995699)
(0.00215525 -0.251031 0.997298)
(0.00189042 -0.236443 0.998783)
(0.00159961 -0.221693 1.0001)
(0.00131373 -0.206893 1.0012)
(0.00106329 -0.191931 1.00219)
(0.000809999 -0.176545 1.00308)
(0.000628748 -0.16099 1.00411)
(0.000451383 -0.145268 1.00523)
(0.000317832 -0.129518 1.00632)
(0.000189427 -0.114207 1.00747)
(0.000148193 -0.0994832 1.00857)
(0.000130268 -0.0856364 1.00952)
(0.000139939 -0.072899 1.01033)
(0.000157936 -0.0613015 1.01096)
(0.000174365 -0.050937 1.01148)
(0.000188084 -0.0418544 1.01182)
(0.000176673 -0.0339152 1.01204)
(0.000147353 -0.0272244 1.01219)
(0.000142708 -0.0214438 1.01228)
(0.00012577 -0.0168587 1.01231)
(0.00010744 -0.0127872 1.01231)
(0.000112083 -0.0100271 1.01229)
(-0.013224 -0.697916 1.00379)
(-0.0693488 -0.713477 1.02677)
(-0.0958213 -0.748051 1.02415)
(-0.0856995 -0.783898 1.01837)
(-0.0520292 -0.807028 1.01094)
(-0.00711503 -0.808888 1.00485)
(0.0322035 -0.786676 0.999678)
(0.0552458 -0.749552 0.995119)
(0.0596958 -0.709954 0.991424)
(0.0492001 -0.674897 0.990083)
(0.0327402 -0.648341 0.991872)
(0.0169674 -0.628693 0.996558)
(0.00509236 -0.615067 1.00276)
(-0.00207565 -0.604382 1.0079)
(-0.00618038 -0.593909 1.01066)
(-0.00969611 -0.580679 1.01076)
(-0.0137138 -0.563389 1.00909)
(-0.0173167 -0.543865 1.00686)
(-0.0197349 -0.523482 1.00491)
(-0.0210175 -0.503939 1.00355)
(-0.0214366 -0.485099 1.00283)
(-0.021304 -0.466841 1.00252)
(-0.0207938 -0.448895 1.00245)
(-0.0200226 -0.431135 1.00248)
(-0.0191154 -0.413485 1.0026)
(-0.0180981 -0.395929 1.00269)
(-0.0169445 -0.378391 1.0028)
(-0.0157954 -0.360874 1.0029)
(-0.0145899 -0.343336 1.00299)
(-0.013463 -0.325934 1.0031)
(-0.0120833 -0.308232 1.00311)
(-0.0107503 -0.290297 1.00313)
(-0.00934079 -0.27224 1.00312)
(-0.00788132 -0.253348 1.00307)
(-0.00669669 -0.233818 1.00323)
(-0.00563283 -0.213603 1.00341)
(-0.00452022 -0.192783 1.00357)
(-0.00378911 -0.172443 1.00395)
(-0.0030396 -0.152406 1.00432)
(-0.00235175 -0.133 1.00466)
(-0.00181818 -0.114835 1.00498)
(-0.00136791 -0.0979129 1.00524)
(-0.00104111 -0.0824781 1.0055)
(-0.000788068 -0.0687454 1.00567)
(-0.00056553 -0.0563809 1.00575)
(-0.000439368 -0.0459286 1.00583)
(-0.00033833 -0.0365838 1.00589)
(-0.000249899 -0.0292396 1.0059)
(-0.000191513 -0.022336 1.0059)
(-0.000109577 -0.0178652 1.00586)
(-0.0132298 -0.697883 1.00379)
(-0.0694071 -0.713513 1.02677)
(-0.0956921 -0.748095 1.02415)
(-0.0856965 -0.783808 1.01837)
(-0.0521434 -0.807011 1.01093)
(-0.00709947 -0.808879 1.00485)
(0.0323519 -0.786641 0.999687)
(0.055354 -0.749546 0.995125)
(0.0596379 -0.709961 0.991422)
(0.0491003 -0.674905 0.990077)
(0.032737 -0.648402 0.991859)
(0.017095 -0.628752 0.996529)
(0.00531522 -0.615116 1.00271)
(-0.00196376 -0.604378 1.00787)
(-0.00626556 -0.593798 1.01067)
(-0.0100137 -0.580403 1.01081)
(-0.014104 -0.56299 1.00914)
(-0.0176564 -0.543446 1.00691)
(-0.020014 -0.523115 1.00495)
(-0.0213044 -0.503597 1.00357)
(-0.0217262 -0.484751 1.00283)
(-0.0215857 -0.466489 1.00252)
(-0.0210773 -0.44856 1.00246)
(-0.0203071 -0.430802 1.00248)
(-0.0193917 -0.413142 1.0026)
(-0.0183945 -0.395602 1.0027)
(-0.0172737 -0.378071 1.00281)
(-0.0160878 -0.360547 1.00291)
(-0.0149376 -0.34301 1.003)
(-0.0138386 -0.325612 1.00311)
(-0.012512 -0.307904 1.00311)
(-0.0112425 -0.28999 1.00313)
(-0.00987098 -0.271937 1.00314)
(-0.00842711 -0.253038 1.00309)
(-0.00728698 -0.233549 1.00322)
(-0.00622189 -0.213381 1.00339)
(-0.00510576 -0.192621 1.00354)
(-0.00433749 -0.172337 1.0039)
(-0.00354822 -0.152358 1.00426)
(-0.00282067 -0.133023 1.0046)
(-0.00224188 -0.114919 1.00492)
(-0.00172332 -0.0980314 1.00516)
(-0.00135491 -0.0826135 1.00544)
(-0.00102544 -0.0688858 1.00561)
(-0.000753765 -0.0565347 1.0057)
(-0.000574174 -0.0460671 1.00577)
(-0.000434901 -0.0367061 1.00585)
(-0.00031333 -0.0293443 1.00587)
(-0.000243023 -0.022407 1.00589)
(-0.000146407 -0.0179899 1.00582)
(-0.0132185 -0.697922 1.0038)
(-0.0694151 -0.713435 1.02678)
(-0.0957835 -0.748126 1.02413)
(-0.0856242 -0.783917 1.01837)
(-0.0521013 -0.806947 1.01096)
(-0.00716483 -0.808861 1.00484)
(0.0322518 -0.786688 0.999661)
(0.055346 -0.749567 0.995118)
(0.0596803 -0.709966 0.991425)
(0.0491119 -0.674836 0.990083)
(0.0327 -0.64832 0.991865)
(0.0170316 -0.628703 0.996542)
(0.00524283 -0.615059 1.00275)
(-0.00200823 -0.604272 1.0079)
(-0.00630273 -0.593732 1.01069)
(-0.00995003 -0.580388 1.0108)
(-0.0139842 -0.563039 1.00912)
(-0.0175495 -0.543537 1.00691)
(-0.0199199 -0.523204 1.00495)
(-0.0212235 -0.503664 1.00357)
(-0.0216494 -0.484808 1.00284)
(-0.0215248 -0.466545 1.00253)
(-0.0210376 -0.448632 1.00246)
(-0.0202733 -0.430879 1.00248)
(-0.0193632 -0.413223 1.0026)
(-0.0183488 -0.395677 1.00269)
(-0.0172144 -0.378131 1.00279)
(-0.0160423 -0.360636 1.0029)
(-0.0148591 -0.343081 1.00297)
(-0.0137525 -0.325677 1.00308)
(-0.0123797 -0.30794 1.00308)
(-0.0111111 -0.290025 1.0031)
(-0.00977279 -0.271999 1.00309)
(-0.00829291 -0.253109 1.00304)
(-0.00711509 -0.233605 1.00316)
(-0.0060288 -0.21345 1.00333)
(-0.00489276 -0.192723 1.00349)
(-0.0040868 -0.172439 1.00386)
(-0.00326573 -0.152462 1.00423)
(-0.00250989 -0.133123 1.00458)
(-0.00189885 -0.115022 1.00493)
(-0.00135541 -0.0981188 1.00518)
(-0.000971703 -0.0826844 1.00546)
(-0.000646305 -0.0689324 1.00565)
(-0.000390716 -0.0565594 1.00575)
(-0.000230566 -0.0460694 1.00584)
(-0.00013394 -0.0367036 1.00592)
(-4.313e-05 -0.0293315 1.00592)
(-1.89546e-05 -0.0223942 1.00592)
(5.43343e-05 -0.0180021 1.00588)
(-0.0132284 -0.6979 1.00379)
(-0.0693846 -0.713499 1.02677)
(-0.0957573 -0.748063 1.02416)
(-0.0857164 -0.783864 1.01834)
(-0.0520936 -0.807054 1.01093)
(-0.00710555 -0.808865 1.00487)
(0.0322883 -0.7866 0.999686)
(0.0553363 -0.749541 0.99511)
(0.0596886 -0.709993 0.99141)
(0.0491544 -0.674882 0.990075)
(0.0327383 -0.648376 0.991859)
(0.0170733 -0.628693 0.996524)
(0.00529797 -0.615023 1.00273)
(-0.00191615 -0.604309 1.00788)
(-0.0061429 -0.593781 1.01068)
(-0.00975707 -0.58039 1.0108)
(-0.0137951 -0.562906 1.00913)
(-0.0173787 -0.543288 1.00691)
(-0.0197608 -0.522959 1.00494)
(-0.0210624 -0.503416 1.00356)
(-0.0214954 -0.484599 1.00283)
(-0.0213541 -0.46635 1.00253)
(-0.0208608 -0.448446 1.00245)
(-0.0200901 -0.430713 1.00247)
(-0.0191554 -0.41307 1.00258)
(-0.0181311 -0.395544 1.00267)
(-0.0169676 -0.378022 1.00277)
(-0.0158002 -0.360548 1.00288)
(-0.0146042 -0.343035 1.00296)
(-0.0134735 -0.325645 1.00306)
(-0.0120802 -0.307942 1.00305)
(-0.0107205 -0.290025 1.00307)
(-0.00936515 -0.272031 1.00306)
(-0.0078463 -0.253184 1.00301)
(-0.00656628 -0.233683 1.00315)
(-0.00543044 -0.213553 1.00333)
(-0.00424195 -0.192856 1.0035)
(-0.00341076 -0.172579 1.00389)
(-0.00255477 -0.152595 1.00428)
(-0.00178265 -0.133223 1.00463)
(-0.00118446 -0.115101 1.00502)
(-0.000655784 -0.0981673 1.00529)
(-0.000318054 -0.0827164 1.00557)
(-4.22849e-05 -0.0689337 1.00575)
(0.000161935 -0.0565423 1.00584)
(0.000244878 -0.0460469 1.00592)
(0.000265305 -0.036679 1.00598)
(0.000269533 -0.0293069 1.00597)
(0.000223608 -0.0223836 1.00595)
(0.000264274 -0.0179752 1.00595)
(-0.0132201 -0.69791 1.0038)
(-0.0694258 -0.713451 1.02676)
(-0.0957639 -0.748128 1.02416)
(-0.0856048 -0.783858 1.01837)
(-0.0521553 -0.806987 1.01092)
(-0.00717598 -0.808846 1.00484)
(0.0323445 -0.786653 0.999692)
(0.0553258 -0.749563 0.99513)
(0.0596188 -0.709981 0.991417)
(0.049097 -0.674886 0.990076)
(0.0326646 -0.648321 0.991878)
(0.0170223 -0.628689 0.996554)
(0.00520439 -0.615058 1.00275)
(-0.00209918 -0.60424 1.00791)
(-0.00634001 -0.593595 1.01071)
(-0.00986204 -0.580174 1.01081)
(-0.0137663 -0.562821 1.00911)
(-0.017294 -0.543375 1.00687)
(-0.0197325 -0.523185 1.00489)
(-0.0209803 -0.503692 1.00352)
(-0.0213809 -0.484877 1.00281)
(-0.0212068 -0.466647 1.00251)
(-0.0206878 -0.448739 1.00245)
(-0.0199006 -0.431012 1.00247)
(-0.0189567 -0.413381 1.00258)
(-0.0179177 -0.395861 1.00267)
(-0.0167571 -0.378343 1.00278)
(-0.0155828 -0.360878 1.00288)
(-0.0143669 -0.343357 1.00296)
(-0.0131988 -0.325975 1.00306)
(-0.0117614 -0.308263 1.00306)
(-0.0103771 -0.29035 1.00309)
(-0.00898267 -0.272326 1.00308)
(-0.00746632 -0.253484 1.00303)
(-0.00620032 -0.233991 1.00319)
(-0.00506271 -0.213852 1.00337)
(-0.00389449 -0.193095 1.00354)
(-0.00310455 -0.172776 1.00394)
(-0.00231957 -0.152745 1.00433)
(-0.00160169 -0.133314 1.00467)
(-0.00107699 -0.115126 1.00504)
(-0.000628828 -0.0981617 1.00532)
(-0.000328273 -0.0826791 1.00558)
(-0.000102896 -0.0688927 1.00575)
(4.12774e-05 -0.0565004 1.00584)
(9.05048e-05 -0.0460177 1.00592)
(0.00011988 -0.0366471 1.00597)
(0.00012799 -0.0292749 1.00596)
(0.000110106 -0.0223517 1.00594)
(0.000156415 -0.0178894 1.00594)
(0.112712 -0.878709 0.997761)
(0.201267 -0.808337 0.977529)
(0.233483 -0.725579 0.978875)
(0.219328 -0.652158 0.97857)
(0.176962 -0.597325 0.97853)
(0.12143 -0.561593 0.981613)
(0.0699461 -0.54563 0.986952)
(0.0332281 -0.540371 0.995793)
(0.0140733 -0.542839 1.00379)
(0.0150808 -0.544934 1.01079)
(0.02334 -0.54508 1.0153)
(0.0383851 -0.541351 1.01923)
(0.0520465 -0.533624 1.02217)
(0.0619664 -0.523576 1.02529)
(0.0680627 -0.512444 1.02881)
(0.0716164 -0.502461 1.03241)
(0.0738764 -0.495507 1.03481)
(0.0749891 -0.490485 1.03495)
(0.0752691 -0.486066 1.03276)
(0.0752802 -0.48022 1.02918)
(0.0748395 -0.472596 1.02506)
(0.073904 -0.463274 1.02092)
(0.0724372 -0.45255 1.01704)
(0.0705094 -0.440885 1.01349)
(0.0682167 -0.428517 1.01038)
(0.065549 -0.415714 1.00754)
(0.0627029 -0.402555 1.00506)
(0.0595889 -0.388999 1.00282)
(0.0564374 -0.375122 1.00084)
(0.0533021 -0.360519 0.999099)
(0.0497871 -0.345623 0.99749)
(0.0462027 -0.330076 0.996122)
(0.0426294 -0.313781 0.994833)
(0.0382096 -0.296632 0.9937)
(0.0339553 -0.278117 0.992421)
(0.0298177 -0.258711 0.991122)
(0.0252227 -0.238314 0.989867)
(0.021266 -0.217292 0.988467)
(0.0175176 -0.196059 0.987126)
(0.0139024 -0.174739 0.985987)
(0.0109185 -0.153923 0.984913)
(0.00820738 -0.133938 0.984123)
(0.00609155 -0.114922 0.983398)
(0.00448494 -0.0976775 0.982906)
(0.00317024 -0.0812974 0.982706)
(0.00222412 -0.0674785 0.982472)
(0.00136015 -0.0543604 0.982424)
(0.000906717 -0.0445508 0.982358)
(0.000368533 -0.0341553 0.982425)
(0.000430481 -0.0281263 0.982374)
(0.112704 -0.878734 0.997731)
(0.201346 -0.808376 0.977573)
(0.233439 -0.725504 0.97892)
(0.219261 -0.652059 0.97855)
(0.17694 -0.597346 0.978465)
(0.121475 -0.561756 0.981639)
(0.0699475 -0.545706 0.987024)
(0.0331769 -0.540283 0.995797)
(0.0140402 -0.542709 1.00375)
(0.015067 -0.544914 1.01074)
(0.0233623 -0.545091 1.01527)
(0.0383886 -0.541367 1.0192)
(0.051985 -0.533606 1.02216)
(0.0619244 -0.523523 1.0253)
(0.0681349 -0.512426 1.0288)
(0.0718394 -0.50255 1.03235)
(0.0741507 -0.495676 1.03474)
(0.0752471 -0.490678 1.0349)
(0.0754864 -0.486201 1.0328)
(0.0754032 -0.480305 1.02926)
(0.0748548 -0.472632 1.02514)
(0.0738484 -0.463272 1.02097)
(0.0723614 -0.452493 1.01709)
(0.0704194 -0.44079 1.01352)
(0.0681023 -0.428403 1.0104)
(0.0654463 -0.415562 1.00756)
(0.0626275 -0.402339 1.00509)
(0.0593913 -0.388792 1.00286)
(0.0562263 -0.374844 1.00087)
(0.0531211 -0.36021 0.99912)
(0.0496152 -0.345274 0.997524)
(0.0459808 -0.32968 0.996207)
(0.0423677 -0.313316 0.994878)
(0.03788 -0.296146 0.993801)
(0.033615 -0.277558 0.992483)
(0.029481 -0.258153 0.99119)
(0.0248937 -0.237753 0.989899)
(0.0209701 -0.216755 0.988452)
(0.0172417 -0.195521 0.987096)
(0.0137121 -0.17425 0.985914)
(0.010706 -0.153471 0.984837)
(0.0080571 -0.133529 0.984022)
(0.00597524 -0.11455 0.983311)
(0.00442052 -0.0973524 0.982843)
(0.00290551 -0.0812029 0.982628)
(0.00199195 -0.0674169 0.982327)
(0.00129209 -0.0542753 0.982279)
(0.000981914 -0.0444097 0.98222)
(0.000530074 -0.0339287 0.982317)
(0.000541713 -0.0280472 0.982299)
(0.112667 -0.878684 0.997718)
(0.201344 -0.80839 0.977541)
(0.233527 -0.725641 0.978972)
(0.219272 -0.652042 0.978569)
(0.176897 -0.597209 0.978413)
(0.12146 -0.561685 0.981603)
(0.0700008 -0.545767 0.987065)
(0.0332389 -0.54039 0.995836)
(0.01405 -0.542706 1.00375)
(0.0150436 -0.544864 1.01073)
(0.0233169 -0.545065 1.01528)
(0.0383327 -0.541384 1.0192)
(0.0519781 -0.533661 1.02215)
(0.0619591 -0.523634 1.0253)
(0.06818 -0.512486 1.02884)
(0.0717826 -0.502576 1.0324)
(0.0740005 -0.495649 1.03475)
(0.0750787 -0.490577 1.03489)
(0.0753266 -0.486097 1.03277)
(0.0752802 -0.480205 1.02924)
(0.0747807 -0.472546 1.02514)
(0.073809 -0.463186 1.02099)
(0.072356 -0.452421 1.01711)
(0.0704093 -0.44073 1.01355)
(0.0680905 -0.428361 1.01042)
(0.0654152 -0.415537 1.00758)
(0.0625653 -0.40235 1.00508)
(0.0593739 -0.388774 1.00287)
(0.0562057 -0.37485 1.00087)
(0.0530625 -0.3602 0.999125)
(0.0495357 -0.345264 0.997511)
(0.04585 -0.329647 0.996204)
(0.0422917 -0.313243 0.994851)
(0.0378 -0.296036 0.993774)
(0.033485 -0.277402 0.992459)
(0.0293101 -0.257945 0.991132)
(0.0247799 -0.237488 0.989822)
(0.0208714 -0.216413 0.988392)
(0.0171459 -0.19511 0.987045)
(0.0136275 -0.173774 0.985844)
(0.0106823 -0.152911 0.984817)
(0.00807065 -0.132946 0.98403)
(0.00603719 -0.113943 0.983366)
(0.00449353 -0.0967704 0.982929)
(0.00307202 -0.080555 0.982754)
(0.00208824 -0.0668914 0.982545)
(0.00139763 -0.0538498 0.982423)
(0.000985607 -0.0440702 0.982374)
(0.000554473 -0.0336879 0.982394)
(0.000563641 -0.0278741 0.982404)
(0.112706 -0.878715 0.997736)
(0.201295 -0.808326 0.977502)
(0.233489 -0.72558 0.978971)
(0.219339 -0.652163 0.978641)
(0.176897 -0.597283 0.978406)
(0.12144 -0.56163 0.981528)
(0.0699787 -0.545735 0.987047)
(0.0332565 -0.540397 0.995894)
(0.014069 -0.542729 1.00377)
(0.0150637 -0.544868 1.01071)
(0.0233176 -0.545037 1.01526)
(0.0383515 -0.541324 1.01921)
(0.0519444 -0.533626 1.02213)
(0.0618866 -0.523573 1.02526)
(0.068104 -0.51242 1.0288)
(0.0717757 -0.502437 1.03239)
(0.074019 -0.495504 1.03478)
(0.0750641 -0.490495 1.03491)
(0.0752863 -0.486036 1.03277)
(0.0752389 -0.480185 1.02922)
(0.0747544 -0.472516 1.02512)
(0.07377 -0.463137 1.02097)
(0.0723066 -0.45232 1.01709)
(0.0703833 -0.440572 1.01354)
(0.0680401 -0.428149 1.0104)
(0.0653807 -0.415287 1.00757)
(0.0624985 -0.402055 1.00508)
(0.0593416 -0.388442 1.00284)
(0.0562095 -0.37447 1.00087)
(0.0530486 -0.359792 0.999119)
(0.0495261 -0.344827 0.997508)
(0.0458228 -0.329217 0.996178)
(0.0423005 -0.312755 0.994857)
(0.0378936 -0.295459 0.993742)
(0.0336322 -0.276778 0.992468)
(0.0295708 -0.257262 0.991124)
(0.025062 -0.236776 0.989877)
(0.0212534 -0.215716 0.988405)
(0.0176425 -0.194484 0.987132)
(0.0141517 -0.17323 0.985951)
(0.0113377 -0.152515 0.984915)
(0.00874692 -0.132684 0.984227)
(0.00661676 -0.113808 0.983601)
(0.0050134 -0.0967229 0.983178)
(0.00358568 -0.0806207 0.98299)
(0.00255168 -0.0670011 0.982759)
(0.00179725 -0.0539661 0.982588)
(0.00128364 -0.0442346 0.98253)
(0.000780801 -0.0338915 0.982501)
(0.000706763 -0.028036 0.98253)
(0.112672 -0.878723 0.997749)
(0.201325 -0.808353 0.977498)
(0.233527 -0.725565 0.978897)
(0.219286 -0.65211 0.978662)
(0.17694 -0.59723 0.978512)
(0.121436 -0.56169 0.981504)
(0.0699043 -0.545763 0.98695)
(0.0332552 -0.540438 0.995882)
(0.014143 -0.542766 1.00382)
(0.0151407 -0.544825 1.01076)
(0.0233755 -0.545049 1.01525)
(0.0383849 -0.541394 1.01919)
(0.0519897 -0.533644 1.02215)
(0.0619709 -0.523585 1.02529)
(0.0682126 -0.512512 1.02883)
(0.0717923 -0.502684 1.03241)
(0.0739402 -0.495807 1.03479)
(0.0749672 -0.49071 1.03492)
(0.0752487 -0.486071 1.03277)
(0.0751991 -0.480139 1.02922)
(0.0746951 -0.47246 1.02512)
(0.0737366 -0.463106 1.02097)
(0.0722981 -0.452342 1.01709)
(0.0703799 -0.440643 1.01353)
(0.0680841 -0.428251 1.0104)
(0.0654578 -0.415412 1.00755)
(0.0626264 -0.402196 1.00506)
(0.0595006 -0.388587 1.00282)
(0.056439 -0.374648 1.00084)
(0.0533004 -0.360004 0.999103)
(0.0497719 -0.345077 0.997486)
(0.0461245 -0.329483 0.996145)
(0.0425961 -0.313093 0.994827)
(0.0383166 -0.29592 0.993688)
(0.0341521 -0.277405 0.99243)
(0.0300394 -0.258047 0.991085)
(0.0255729 -0.237728 0.989843)
(0.0217129 -0.216821 0.988426)
(0.0180601 -0.19572 0.987101)
(0.0144612 -0.174531 0.986001)
(0.0115324 -0.153851 0.984921)
(0.00888102 -0.134017 0.984166)
(0.00679778 -0.115014 0.98355)
(0.00510419 -0.0978559 0.98316)
(0.00343521 -0.0817065 0.982962)
(0.00218567 -0.0680391 0.982717)
(0.00153937 -0.054832 0.982536)
(0.00103604 -0.0449012 0.98247)
(0.000692597 -0.0343527 0.982452)
(0.000461942 -0.0283236 0.982492)
)
;

boundaryField
{
    inlet
    {
        type            calculated;
        value           nonuniform List<vector> 
25
(
(1.11559e-19 -0.131692 1)
(7.48595e-20 -0.131692 1)
(8.28611e-25 -0.131692 1)
(5.07705e-18 -0.131692 1)
(2.42598e-18 -0.131692 1)
(-9.84007e-18 -0.307281 1)
(-1.06542e-17 -0.307281 1)
(8.80741e-24 -0.307281 1)
(1.20048e-18 -0.307281 1)
(8.20892e-19 -0.307281 1)
(-1.26077e-17 -0.500429 1)
(5.4967e-18 -0.500429 1)
(-2.16191e-23 -0.500429 1)
(-1.73696e-17 -0.500429 1)
(-3.09787e-17 -0.500429 1)
(3.60621e-18 -0.696085 1)
(-4.15483e-18 -0.696085 1)
(2.15598e-23 -0.696085 1)
(-4.68589e-18 -0.696085 1)
(3.66165e-18 -0.696085 1)
(-1.20963e-17 -0.892577 1)
(-5.93747e-18 -0.892577 1)
(4.66345e-23 -0.892578 1)
(3.30528e-17 -0.892578 1)
(2.33761e-17 -0.892578 1)
)
;
    }
    outlet
    {
        type            calculated;
        value           nonuniform List<vector> 
25
(
(-1.0136e-05 -0.000955478 1.01472)
(-2.29743e-05 -0.000973414 1.01473)
(-1.72387e-06 -0.000985458 1.01473)
(2.14357e-05 -0.000971388 1.01473)
(6.84087e-06 -0.000957415 1.01473)
(-4.83937e-05 -0.00432656 1.01457)
(-8.61665e-05 -0.0044125 1.01457)
(2.50395e-07 -0.00445977 1.01458)
(9.0369e-05 -0.00440365 1.01459)
(4.33437e-05 -0.00432826 1.01459)
(-0.000106603 -0.010029 1.01225)
(-0.000149486 -0.0101867 1.01223)
(1.74383e-05 -0.0102502 1.01227)
(0.000185858 -0.0101714 1.0123)
(0.000112083 -0.0100271 1.01229)
(-0.000109577 -0.0178652 1.00586)
(-0.000146407 -0.0179899 1.00582)
(5.43343e-05 -0.0180021 1.00588)
(0.000264274 -0.0179752 1.00595)
(0.000156415 -0.0178894 1.00594)
(0.000430481 -0.0281263 0.982374)
(0.000541713 -0.0280472 0.982299)
(0.000563641 -0.0278741 0.982404)
(0.000706763 -0.028036 0.98253)
(0.000461942 -0.0283236 0.982492)
)
;
    }
    side1
    {
        type            cyclicAMI;
        value           nonuniform List<vector> 
250
(
(0.00333389 -0.127748 0.999835)
(-0.00422935 -0.304066 0.999043)
(-0.000971552 -0.494856 0.999367)
(-0.0130598 -0.68932 1.00379)
(0.111306 -0.8679 0.997755)
(0.00367583 -0.125003 1.00178)
(-0.00703142 -0.307427 1.00366)
(0.0167784 -0.495943 0.999151)
(-0.068535 -0.704686 1.02677)
(0.198819 -0.798388 0.977513)
(0.00739197 -0.120468 1.00385)
(-0.018151 -0.311973 1.00837)
(0.0370748 -0.483189 0.998288)
(-0.0946072 -0.738874 1.02415)
(0.230629 -0.716636 0.978886)
(0.00790762 -0.116397 1.00667)
(-0.0199185 -0.321372 1.01166)
(0.0346618 -0.473923 1.00519)
(-0.0846007 -0.77422 1.01837)
(0.216603 -0.644109 0.978616)
(0.00545044 -0.11385 1.01107)
(-0.0121983 -0.327493 1.01419)
(0.0202213 -0.470041 1.01189)
(-0.0514541 -0.797081 1.01093)
(0.174765 -0.589926 0.978521)
(-0.000439147 -0.112442 1.01184)
(0.00355126 -0.328723 1.01311)
(-0.00398951 -0.471926 1.0164)
(-0.00706085 -0.798913 1.00485)
(0.119945 -0.554726 0.981558)
(-0.00855399 -0.115637 1.01013)
(0.0216552 -0.322455 1.0095)
(-0.0259446 -0.480726 1.01564)
(0.0318748 -0.776968 0.999685)
(0.0690746 -0.538981 0.986951)
(-0.0114654 -0.120656 1.00292)
(0.0307609 -0.306206 1.00235)
(-0.0370684 -0.494443 1.01232)
(0.0546059 -0.740322 0.995124)
(0.0328377 -0.533749 0.995837)
(-0.00809832 -0.124113 0.992685)
(0.0290602 -0.288884 0.993186)
(-0.034737 -0.508064 1.00997)
(0.0589248 -0.701232 0.99142)
(0.0139288 -0.536115 1.00381)
(-0.00782759 -0.111097 0.983574)
(0.0163869 -0.280057 0.986543)
(-0.0209277 -0.515407 1.0066)
(0.0485425 -0.66659 0.990079)
(0.0149163 -0.538167 1.01077)
(-0.00468869 -0.103028 0.971664)
(0.0047107 -0.280976 0.982138)
(-0.00478739 -0.512986 1.00006)
(0.0322982 -0.640355 0.991875)
(0.0230677 -0.538351 1.01528)
(-0.00335978 -0.103043 0.963463)
(-0.000854351 -0.286164 0.976673)
(0.00714054 -0.502029 0.991699)
(0.0167852 -0.620946 0.996556)
(0.0379158 -0.534707 1.01921)
(-0.00301654 -0.103349 0.956038)
(-0.00220813 -0.289282 0.969525)
(0.013191 -0.486689 0.983458)
(0.00508428 -0.607481 1.00276)
(0.0513792 -0.527069 1.02216)
(-0.00296451 -0.102379 0.950303)
(-0.00218732 -0.288158 0.961718)
(0.0142132 -0.470231 0.976398)
(-0.00207283 -0.596873 1.00791)
(0.0612063 -0.517134 1.02529)
(-0.00300686 -0.100255 0.947776)
(-0.00237457 -0.283448 0.954424)
(0.0129303 -0.455051 0.971021)
(-0.00620768 -0.586455 1.01069)
(0.067304 -0.506157 1.02882)
(-0.00296306 -0.0974329 0.948645)
(-0.00314164 -0.276726 0.949172)
(0.0110426 -0.441274 0.967348)
(-0.00969815 -0.573294 1.01079)
(0.0708389 -0.496371 1.03241)
(-0.00269861 -0.0937953 0.952474)
(-0.00395013 -0.268182 0.947468)
(0.00905663 -0.427753 0.965868)
(-0.0136153 -0.556176 1.0091)
(0.0730218 -0.48955 1.0348)
(-0.0023496 -0.0898335 0.958001)
(-0.00444761 -0.257936 0.949743)
(0.00704558 -0.41362 0.966535)
(-0.0171306 -0.536925 1.00687)
(0.0740725 -0.484559 1.03494)
(-0.00200364 -0.0857347 0.964127)
(-0.00438084 -0.246516 0.95501)
(0.00527792 -0.398207 0.968994)
(-0.0195139 -0.51689 1.0049)
(0.0743326 -0.480086 1.03277)
(-0.00173023 -0.0816863 0.970068)
(-0.00384332 -0.235032 0.961376)
(0.00414615 -0.382233 0.972468)
(-0.0207597 -0.497609 1.00354)
(0.0743069 -0.474274 1.0292)
(-0.00154499 -0.0776893 0.975462)
(-0.0032822 -0.224233 0.967262)
(0.00371641 -0.366435 0.976358)
(-0.0211625 -0.479013 1.00282)
(0.0738361 -0.466722 1.02509)
(-0.00139231 -0.0737448 0.980197)
(-0.00291845 -0.213958 0.972426)
(0.00360343 -0.351082 0.980132)
(-0.0210089 -0.46099 1.00252)
(0.0728982 -0.457501 1.02095)
(-0.00124471 -0.0698617 0.984326)
(-0.00259547 -0.203828 0.977023)
(0.0034996 -0.335924 0.983574)
(-0.0204977 -0.443283 1.00245)
(0.0714603 -0.446887 1.01707)
(-0.00110319 -0.0660283 0.987999)
(-0.00229223 -0.193797 0.981129)
(0.00332864 -0.320913 0.986651)
(-0.0197254 -0.425757 1.00247)
(0.0695584 -0.435347 1.01351)
(-0.000981013 -0.062231 0.991295)
(-0.00202861 -0.183853 0.984818)
(0.00312131 -0.306112 0.989383)
(-0.0188098 -0.40833 1.00259)
(0.0672904 -0.42312 1.01039)
(-0.00086963 -0.0584657 0.99419)
(-0.00178853 -0.17399 0.988069)
(0.0028543 -0.291481 0.991747)
(-0.0177915 -0.391007 1.00268)
(0.0646732 -0.410454 1.00754)
(-0.000757355 -0.0547083 0.996801)
(-0.00154529 -0.16415 0.990992)
(0.00259133 -0.276903 0.993841)
(-0.016647 -0.373694 1.00279)
(0.061865 -0.397428 1.00506)
(-0.000665284 -0.050968 0.999135)
(-0.0013445 -0.15435 0.993617)
(0.00225567 -0.262381 0.995704)
(-0.0154957 -0.356417 1.00289)
(0.0587793 -0.384013 1.00282)
(-0.000568846 -0.0472176 1.00123)
(-0.00114021 -0.144511 0.995956)
(0.00196279 -0.247812 0.997304)
(-0.0142985 -0.339102 1.00297)
(0.0557061 -0.370269 1.00084)
(-0.000493567 -0.0434951 1.00314)
(-0.000988397 -0.134747 0.998095)
(0.00168646 -0.233394 0.998788)
(-0.0131635 -0.321921 1.00308)
(0.0526047 -0.355826 0.999101)
(-0.00040607 -0.0397732 1.00485)
(-0.000815811 -0.124936 1.00002)
(0.00138538 -0.218817 1.0001)
(-0.0117731 -0.304427 1.00308)
(0.0491239 -0.3411 0.997488)
(-0.000345752 -0.0360857 1.00639)
(-0.0007149 -0.115103 1.00171)
(0.00108479 -0.204184 1.0012)
(-0.0104295 -0.28672 1.00311)
(0.0455488 -0.325726 0.996133)
(-0.000279462 -0.0324583 1.00775)
(-0.000613258 -0.105269 1.00326)
(0.000818581 -0.189391 1.0022)
(-0.0090422 -0.268903 1.0031)
(0.0420343 -0.309581 0.99483)
(-0.000209092 -0.0289084 1.00898)
(-0.0005124 -0.0954321 1.00469)
(0.000539005 -0.174181 1.00309)
(-0.00756872 -0.250264 1.00305)
(0.0377363 -0.29262 0.993694)
(-0.000154434 -0.0254877 1.01012)
(-0.000433082 -0.085742 1.00615)
(0.00032658 -0.158805 1.00412)
(-0.00635556 -0.230986 1.00321)
(0.0335787 -0.274326 0.992426)
(-0.000124385 -0.0222368 1.01111)
(-0.000375297 -0.0762494 1.00756)
(0.000127483 -0.143267 1.00524)
(-0.00526247 -0.211052 1.00339)
(0.0295081 -0.255181 0.991103)
(-8.64194e-05 -0.019186 1.01197)
(-0.000297562 -0.0670535 1.00887)
(-1.75154e-05 -0.127712 1.00632)
(-0.00413112 -0.190515 1.00356)
(0.0250393 -0.235063 0.989855)
(-7.16524e-05 -0.0163517 1.0127)
(-0.000260634 -0.0582556 1.01012)
(-0.000149384 -0.112598 1.00747)
(-0.00337832 -0.170431 1.00394)
(0.021188 -0.214349 0.988447)
(-4.53117e-05 -0.013759 1.01327)
(-0.000195687 -0.0499754 1.01122)
(-0.000194003 -0.0980696 1.00856)
(-0.00262002 -0.150641 1.00432)
(0.0175433 -0.193435 0.987113)
(-3.29037e-05 -0.0114408 1.01373)
(-0.000154138 -0.0423701 1.01216)
(-0.000209731 -0.0844113 1.00951)
(-0.0019278 -0.131459 1.00467)
(0.0139909 -0.172441 0.985994)
(-2.2438e-05 -0.00940335 1.01406)
(-0.000116966 -0.0355094 1.0129)
(-0.000195104 -0.0718537 1.01032)
(-0.00140696 -0.113507 1.00501)
(0.0110817 -0.151944 0.984917)
(-8.42616e-06 -0.00763862 1.01429)
(-7.35027e-05 -0.0294185 1.01346)
(-0.000162024 -0.060422 1.01094)
(-0.00096662 -0.0967724 1.00528)
(0.00844514 -0.132275 0.984144)
(-6.165e-06 -0.00612865 1.01447)
(-5.32822e-05 -0.0240775 1.01389)
(-0.000124723 -0.0502055 1.01146)
(-0.000660549 -0.0815062 1.00554)
(0.00637256 -0.113497 0.983474)
(-7.2487e-07 -0.00486213 1.01457)
(-2.89437e-05 -0.0194913 1.01418)
(-8.37995e-05 -0.0412584 1.01181)
(-0.000428483 -0.0679182 1.00571)
(0.00474948 -0.0965146 0.983033)
(6.73138e-07 -0.00380597 1.01463)
(-1.80714e-05 -0.0155716 1.01437)
(-5.9489e-05 -0.0334363 1.01202)
(-0.000249556 -0.0556983 1.00579)
(0.00329406 -0.0804778 0.982834)
(-1.37905e-06 -0.00294636 1.01468)
(-1.8403e-05 -0.0123085 1.01449)
(-5.62047e-05 -0.0268466 1.01218)
(-0.000165316 -0.0453657 1.00587)
(0.0022216 -0.0669276 0.982595)
(1.26397e-06 -0.00224308 1.0147)
(-6.73163e-06 -0.00956312 1.01456)
(-3.3962e-05 -0.0211492 1.01227)
(-0.000102932 -0.0361288 1.00593)
(0.00146879 -0.05391 0.98248)
(-6.35608e-07 -0.00169876 1.01471)
(-6.0393e-06 -0.00739622 1.01458)
(-2.18526e-05 -0.0166296 1.0123)
(-5.74461e-05 -0.0288675 1.00593)
(0.000986819 -0.0441652 0.982414)
(-7.50553e-07 -0.00124843 1.01471)
(-4.08933e-06 -0.00554375 1.01459)
(-1.48135e-05 -0.0126136 1.0123)
(-3.89773e-05 -0.0220451 1.00592)
(0.000539467 -0.0338069 0.982438)
(-1.47585e-06 -0.000943343 1.01472)
(-2.36172e-06 -0.00426696 1.01458)
(2.55517e-06 -0.00988749 1.01227)
(2.50162e-05 -0.0176364 1.0059)
(0.000456142 -0.027875 0.982433)
)
;
    }
    side2
    {
        type            cyclicAMI;
        value           nonuniform List<vector> 
250
(
(0.00333389 -0.127748 0.999835)
(-0.00422934 -0.304066 0.999043)
(-0.00097156 -0.494856 0.999367)
(-0.0130596 -0.68932 1.00379)
(0.111306 -0.867901 0.997755)
(0.00367583 -0.125003 1.00178)
(-0.00703141 -0.307427 1.00366)
(0.0167783 -0.495943 0.999151)
(-0.0685347 -0.704686 1.02677)
(0.198819 -0.798389 0.977513)
(0.00739197 -0.120468 1.00385)
(-0.018151 -0.311973 1.00837)
(0.0370748 -0.483189 0.998288)
(-0.0946069 -0.738875 1.02415)
(0.230629 -0.716636 0.978886)
(0.00790762 -0.116397 1.00667)
(-0.0199184 -0.321372 1.01166)
(0.0346617 -0.473923 1.00519)
(-0.0846004 -0.77422 1.01837)
(0.216603 -0.644109 0.978616)
(0.00545044 -0.11385 1.01107)
(-0.0121983 -0.327493 1.01419)
(0.0202212 -0.470042 1.01189)
(-0.0514538 -0.797082 1.01093)
(0.174765 -0.589925 0.978521)
(-0.000439147 -0.112442 1.01184)
(0.00355126 -0.328723 1.01311)
(-0.00398953 -0.471926 1.0164)
(-0.00706061 -0.798913 1.00485)
(0.119945 -0.554726 0.981558)
(-0.00855399 -0.115637 1.01013)
(0.0216552 -0.322455 1.0095)
(-0.0259446 -0.480727 1.01564)
(0.0318749 -0.776968 0.999685)
(0.0690746 -0.538981 0.986951)
(-0.0114654 -0.120656 1.00292)
(0.0307609 -0.306206 1.00235)
(-0.0370683 -0.494443 1.01232)
(0.054606 -0.740322 0.995124)
(0.0328376 -0.533749 0.995837)
(-0.00809832 -0.124113 0.992685)
(0.0290602 -0.288884 0.993186)
(-0.034737 -0.508064 1.00997)
(0.0589249 -0.701232 0.99142)
(0.0139287 -0.536115 1.00381)
(-0.00782759 -0.111097 0.983574)
(0.0163869 -0.280057 0.986543)
(-0.0209277 -0.515407 1.0066)
(0.0485426 -0.66659 0.990079)
(0.0149162 -0.538166 1.01077)
(-0.00468869 -0.103028 0.971664)
(0.00471069 -0.280976 0.982138)
(-0.00478735 -0.512986 1.00006)
(0.0322982 -0.640355 0.991875)
(0.0230677 -0.538351 1.01528)
(-0.00335978 -0.103043 0.963463)
(-0.00085435 -0.286164 0.976673)
(0.00714057 -0.502029 0.991699)
(0.0167853 -0.620946 0.996556)
(0.0379158 -0.534707 1.01921)
(-0.00301654 -0.103349 0.956038)
(-0.00220812 -0.289282 0.969525)
(0.013191 -0.486689 0.983458)
(0.00508436 -0.607481 1.00276)
(0.0513792 -0.527069 1.02216)
(-0.00296451 -0.102379 0.950303)
(-0.00218731 -0.288158 0.961718)
(0.0142133 -0.470231 0.976398)
(-0.00207273 -0.596873 1.00791)
(0.0612063 -0.517134 1.02529)
(-0.00300686 -0.100255 0.947776)
(-0.00237456 -0.283448 0.954424)
(0.0129303 -0.455051 0.971021)
(-0.00620758 -0.586455 1.01069)
(0.067304 -0.506157 1.02882)
(-0.00296306 -0.0974329 0.948645)
(-0.00314163 -0.276726 0.949172)
(0.0110426 -0.441274 0.967348)
(-0.00969804 -0.573294 1.01079)
(0.070839 -0.496371 1.03241)
(-0.00269861 -0.0937953 0.952474)
(-0.00395012 -0.268183 0.947468)
(0.00905663 -0.427753 0.965868)
(-0.0136152 -0.556176 1.0091)
(0.0730218 -0.489549 1.0348)
(-0.0023496 -0.0898335 0.958001)
(-0.0044476 -0.257936 0.949743)
(0.00704557 -0.41362 0.966535)
(-0.0171305 -0.536925 1.00687)
(0.0740726 -0.484559 1.03494)
(-0.00200364 -0.0857347 0.964127)
(-0.00438084 -0.246516 0.95501)
(0.0052779 -0.398207 0.968994)
(-0.0195138 -0.51689 1.0049)
(0.0743327 -0.480086 1.03277)
(-0.00173023 -0.0816863 0.970068)
(-0.00384332 -0.235032 0.961376)
(0.00414613 -0.382233 0.972468)
(-0.0207596 -0.497609 1.00354)
(0.074307 -0.474274 1.0292)
(-0.00154499 -0.0776893 0.975462)
(-0.00328219 -0.224233 0.967262)
(0.00371639 -0.366435 0.976358)
(-0.0211624 -0.479013 1.00282)
(0.0738362 -0.466722 1.02509)
(-0.00139231 -0.0737448 0.980197)
(-0.00291845 -0.213958 0.972426)
(0.00360342 -0.351082 0.980132)
(-0.0210088 -0.46099 1.00252)
(0.0728983 -0.457501 1.02095)
(-0.00124471 -0.0698617 0.984326)
(-0.00259547 -0.203828 0.977023)
(0.00349959 -0.335924 0.983574)
(-0.0204976 -0.443283 1.00245)
(0.0714604 -0.446887 1.01707)
(-0.00110319 -0.0660283 0.987999)
(-0.00229222 -0.193797 0.981129)
(0.00332862 -0.320913 0.986651)
(-0.0197253 -0.425757 1.00247)
(0.0695584 -0.435347 1.01351)
(-0.000981013 -0.062231 0.991295)
(-0.00202861 -0.183853 0.984818)
(0.00312129 -0.306112 0.989383)
(-0.0188097 -0.40833 1.00259)
(0.0672905 -0.42312 1.01039)
(-0.00086963 -0.0584657 0.99419)
(-0.00178852 -0.17399 0.988069)
(0.00285429 -0.291481 0.991747)
(-0.0177914 -0.391007 1.00268)
(0.0646733 -0.410454 1.00754)
(-0.000757355 -0.0547083 0.996801)
(-0.00154529 -0.16415 0.990992)
(0.00259132 -0.276903 0.993841)
(-0.0166469 -0.373694 1.00279)
(0.0618651 -0.397428 1.00506)
(-0.000665284 -0.050968 0.999135)
(-0.0013445 -0.15435 0.993617)
(0.00225566 -0.262381 0.995704)
(-0.0154956 -0.356417 1.00289)
(0.0587794 -0.384013 1.00282)
(-0.000568846 -0.0472176 1.00123)
(-0.00114021 -0.144511 0.995956)
(0.00196278 -0.247813 0.997304)
(-0.0142985 -0.339102 1.00297)
(0.0557062 -0.370269 1.00084)
(-0.000493567 -0.0434951 1.00314)
(-0.000988396 -0.134747 0.998095)
(0.00168645 -0.233394 0.998788)
(-0.0131635 -0.321921 1.00308)
(0.0526047 -0.355826 0.999101)
(-0.00040607 -0.0397732 1.00485)
(-0.000815811 -0.124936 1.00002)
(0.00138537 -0.218817 1.0001)
(-0.0117731 -0.304428 1.00308)
(0.0491239 -0.3411 0.997488)
(-0.000345752 -0.0360857 1.00639)
(-0.000714901 -0.115103 1.00171)
(0.00108479 -0.204184 1.0012)
(-0.0104295 -0.28672 1.00311)
(0.0455489 -0.325726 0.996133)
(-0.000279462 -0.0324583 1.00775)
(-0.000613259 -0.105269 1.00326)
(0.000818574 -0.189391 1.0022)
(-0.00904214 -0.268903 1.0031)
(0.0420344 -0.309581 0.99483)
(-0.000209092 -0.0289084 1.00898)
(-0.000512401 -0.0954322 1.00469)
(0.000538999 -0.174181 1.00309)
(-0.00756867 -0.250264 1.00305)
(0.0377363 -0.29262 0.993694)
(-0.000154434 -0.0254877 1.01012)
(-0.000433083 -0.0857421 1.00615)
(0.000326575 -0.158805 1.00412)
(-0.00635552 -0.230986 1.00321)
(0.0335787 -0.274326 0.992426)
(-0.000124385 -0.0222368 1.01111)
(-0.000375299 -0.0762494 1.00756)
(0.000127478 -0.143267 1.00524)
(-0.00526243 -0.211052 1.00339)
(0.0295082 -0.255181 0.991103)
(-8.64194e-05 -0.019186 1.01197)
(-0.000297563 -0.0670535 1.00887)
(-1.75192e-05 -0.127712 1.00632)
(-0.00413109 -0.190515 1.00356)
(0.0250393 -0.235064 0.989855)
(-7.16524e-05 -0.0163517 1.0127)
(-0.000260636 -0.0582556 1.01012)
(-0.000149387 -0.112598 1.00747)
(-0.0033783 -0.170431 1.00394)
(0.0211881 -0.214349 0.988447)
(-4.53117e-05 -0.013759 1.01327)
(-0.000195689 -0.0499754 1.01122)
(-0.000194006 -0.0980697 1.00856)
(-0.00262 -0.150641 1.00432)
(0.0175433 -0.193435 0.987113)
(-3.29037e-05 -0.0114408 1.01373)
(-0.00015414 -0.0423701 1.01216)
(-0.000209733 -0.0844114 1.00951)
(-0.00192779 -0.131459 1.00467)
(0.0139909 -0.172441 0.985994)
(-2.2438e-05 -0.00940335 1.01406)
(-0.000116967 -0.0355094 1.0129)
(-0.000195106 -0.0718537 1.01032)
(-0.00140695 -0.113507 1.00501)
(0.0110817 -0.151945 0.984917)
(-8.42616e-06 -0.00763862 1.01429)
(-7.35039e-05 -0.0294185 1.01346)
(-0.000162026 -0.0604221 1.01094)
(-0.000966611 -0.0967725 1.00528)
(0.00844515 -0.132275 0.984144)
(-6.165e-06 -0.00612865 1.01447)
(-5.32832e-05 -0.0240775 1.01389)
(-0.000124724 -0.0502055 1.01146)
(-0.000660543 -0.0815062 1.00554)
(0.00637256 -0.113497 0.983474)
(-7.2487e-07 -0.00486213 1.01457)
(-2.89446e-05 -0.0194913 1.01418)
(-8.38006e-05 -0.0412584 1.01181)
(-0.000428478 -0.0679182 1.00571)
(0.00474948 -0.0965146 0.983033)
(6.73138e-07 -0.00380597 1.01463)
(-1.80722e-05 -0.0155717 1.01437)
(-5.94899e-05 -0.0334364 1.01202)
(-0.000249553 -0.0556983 1.00579)
(0.00329407 -0.0804778 0.982834)
(-1.37905e-06 -0.00294636 1.01468)
(-1.84036e-05 -0.0123085 1.01449)
(-5.62055e-05 -0.0268466 1.01218)
(-0.000165314 -0.0453657 1.00587)
(0.0022216 -0.0669276 0.982595)
(1.26397e-06 -0.00224308 1.0147)
(-6.73216e-06 -0.00956313 1.01456)
(-3.39626e-05 -0.0211492 1.01227)
(-0.00010293 -0.0361289 1.00593)
(0.00146879 -0.05391 0.98248)
(-6.35608e-07 -0.00169876 1.01471)
(-6.03973e-06 -0.00739623 1.01458)
(-2.18531e-05 -0.0166296 1.0123)
(-5.74455e-05 -0.0288675 1.00593)
(0.000986821 -0.0441652 0.982414)
(-7.50553e-07 -0.00124843 1.01471)
(-4.08967e-06 -0.00554375 1.01459)
(-1.48139e-05 -0.0126136 1.0123)
(-3.89772e-05 -0.0220452 1.00592)
(0.000539468 -0.0338069 0.982438)
(-1.47585e-06 -0.000943343 1.01472)
(-2.36199e-06 -0.00426696 1.01458)
(2.55487e-06 -0.00988749 1.01227)
(2.50163e-05 -0.0176364 1.0059)
(0.000456143 -0.027875 0.982433)
)
;
    }
    walls
    {
        type            calculated;
        value           uniform (0 0 0);
    }
}


// ************************************************************************* //
